region_length = 100
region_width = 100
num_candicate_point = 100
num_user = 1000
num_original_macrocell = 0

Start the candicate point
0	27.509	27.540
1	84.729	81.137
2	18.613	84.210
3	28.877	93.912
4	81.536	80.975
5	14.231	14.219
6	81.509	28.233
7	41.273	95.560
8	43.260	46.184
9	16.276	68.569
10	76.476	50.945
11	5.368	41.350
12	87.368	82.324
13	63.802	74.178
14	67.028	1.270
15	56.023	81.771
16	97.150	35.221
17	32.206	66.195
18	63.759	99.387
19	76.843	33.589
20	19.578	72.158
21	95.038	97.790
22	85.665	52.739
23	52.123	23.981
24	32.896	79.125
25	32.209	15.549
26	33.992	34.559
27	31.318	97.177
28	26.673	20.597
29	50.700	97.382
30	78.549	24.882
31	5.979	83.596
32	94.412	61.791
33	17.747	52.889
34	56.536	14.042
35	99.216	31.498
36	38.597	53.429
37	6.561	86.270
38	83.877	68.725
39	67.632	1.117
40	88.302	79.015
41	54.530	21.696
42	79.052	60.445
43	15.815	21.302
44	29.243	64.595
45	33.903	91.232
46	99.417	56.587
47	23.255	8.658
48	46.370	51.021
49	35.026	85.189
50	90.036	73.913
51	83.807	49.187
52	78.948	28.715
53	62.014	65.035
54	45.009	94.577
55	57.653	42.424
56	88.116	34.938
57	40.971	38.795
58	81.301	44.636
59	35.740	8.090
60	36.991	13.559
61	40.687	98.920
62	25.062	35.081
63	16.758	55.226
64	83.230	37.315
65	5.847	22.684
66	10.474	65.343
67	96.567	13.822
68	84.109	92.575
69	2.725	35.093
70	91.061	89.297
71	70.153	28.977
72	14.100	26.609
73	77.401	34.248
74	63.518	43.800
75	46.101	17.527
76	94.967	57.360
77	26.444	79.257
78	4.050	39.689
79	73.531	87.194
80	38.313	45.695
81	80.136	40.602
82	17.197	15.311
83	81.558	18.207
84	0.684	30.186
85	98.160	13.068
86	97.159	52.528
87	31.233	7.483
88	51.143	24.360
89	77.810	91.092
90	1.608	55.226
91	80.023	75.222
92	51.332	76.485
93	74.694	6.677
94	38.066	90.359
95	58.730	34.071
96	48.070	91.812
97	35.939	29.783
98	62.667	91.427
99	60.970	20.768
End the candicate point

Start the user
0	78.417	17.353
1	45.891	31.208
2	91.540	24.522
3	45.119	90.271
4	87.259	89.160
5	84.307	7.978
6	24.604	16.831
7	48.759	72.405
8	57.387	42.058
9	97.085	71.255
10	81.915	47.652
11	15.641	91.006
12	52.077	81.939
13	79.443	96.701
14	52.474	1.907
15	35.127	45.543
16	70.150	20.515
17	71.630	37.391
18	55.586	86.169
19	94.162	55.293
20	13.581	72.591
21	67.138	99.197
22	14.652	7.154
23	41.697	65.944
24	67.550	15.818
25	33.384	78.671
26	43.529	12.772
27	65.679	18.757
28	93.033	12.973
29	44.942	63.445
30	45.335	95.614
31	82.470	82.214
32	31.874	96.719
33	29.212	95.120
34	23.786	58.971
35	38.826	46.129
36	24.375	16.861
37	24.659	94.650
38	7.035	45.360
39	26.334	78.320
40	39.360	50.136
41	51.491	50.240
42	83.975	27.540
43	8.371	43.727
44	16.758	72.445
45	94.864	67.736
46	53.090	62.017
47	59.563	86.074
48	22.691	93.649
49	0.595	83.517
50	83.773	5.063
51	17.719	71.984
52	17.026	54.817
53	83.370	39.866
54	90.155	91.241
55	48.308	97.644
56	33.491	88.003
57	47.423	22.901
58	17.432	74.404
59	21.393	57.924
60	72.216	38.499
61	19.761	62.923
62	40.703	31.223
63	1.099	78.045
64	4.831	49.608
65	95.865	97.333
66	76.284	27.210
67	47.560	7.685
68	92.053	9.912
69	97.879	96.011
70	5.536	45.207
71	31.364	77.651
72	13.733	63.039
73	45.326	49.217
74	11.213	76.431
75	60.521	18.995
76	11.469	79.910
77	38.313	17.969
78	26.267	73.962
79	19.898	44.676
80	43.657	93.533
81	53.221	46.944
82	95.193	68.792
83	23.200	93.689
84	53.087	96.243
85	50.923	39.860
86	47.838	48.302
87	77.392	37.700
88	47.011	99.487
89	97.473	97.378
90	85.754	97.317
91	59.667	50.203
92	89.724	56.081
93	97.320	17.475
94	81.002	1.581
95	6.900	38.142
96	7.645	44.972
97	39.003	58.357
98	87.500	13.813
99	17.612	36.073
100	6.891	18.509
101	53.371	63.826
102	64.837	82.192
103	66.387	62.783
104	3.360	12.214
105	84.256	51.195
106	14.606	41.383
107	30.866	40.440
108	65.304	17.029
109	71.706	61.660
110	29.240	66.063
111	31.178	76.241
112	68.404	14.109
113	47.670	73.189
114	53.325	86.914
115	81.893	6.540
116	63.359	72.057
117	44.209	75.939
118	57.436	69.164
119	56.487	3.500
120	55.959	6.711
121	14.194	10.108
122	24.464	53.581
123	64.284	44.221
124	99.661	3.412
125	64.525	66.362
126	48.454	60.005
127	39.915	42.393
128	0.659	1.749
129	1.798	48.698
130	45.915	53.349
131	45.268	42.424
132	35.496	42.842
133	90.555	99.854
134	79.662	72.134
135	83.944	76.098
136	81.094	79.107
137	23.942	89.184
138	95.135	19.477
139	28.205	81.695
140	57.366	46.501
141	6.952	63.060
142	69.234	16.636
143	58.434	85.647
144	82.281	99.329
145	52.101	57.759
146	71.645	19.007
147	15.085	46.675
148	39.445	7.456
149	87.643	74.856
150	38.667	94.644
151	63.137	62.429
152	58.187	16.129
153	78.262	19.102
154	59.548	65.270
155	69.039	38.618
156	6.119	68.197
157	58.293	98.843
158	75.289	9.812
159	90.179	20.673
160	94.238	88.894
161	77.410	88.870
162	90.008	30.390
163	76.821	87.875
164	94.470	33.110
165	58.840	55.849
166	94.739	80.853
167	86.572	9.977
168	69.784	95.160
169	70.049	46.187
170	3.763	57.781
171	11.322	66.390
172	16.755	81.017
173	5.969	36.430
174	3.467	54.009
175	16.709	27.775
176	20.637	43.129
177	84.686	46.156
178	13.627	74.639
179	94.070	0.220
180	22.950	77.642
181	55.635	13.367
182	61.266	15.558
183	24.876	31.861
184	1.547	84.182
185	20.328	32.368
186	66.976	4.453
187	57.717	82.025
188	63.213	88.122
189	65.538	54.170
190	43.733	4.324
191	97.729	52.873
192	48.717	25.343
193	9.003	49.373
194	8.252	79.507
195	8.554	83.551
196	50.404	89.511
197	57.643	33.567
198	4.788	24.171
199	26.807	6.809
200	42.280	41.816
201	78.243	55.214
202	41.481	53.362
203	89.010	68.163
204	22.575	83.276
205	80.673	46.028
206	39.177	56.496
207	71.044	7.514
208	68.828	89.465
209	13.581	33.894
210	92.755	13.376
211	40.129	3.314
212	5.469	7.801
213	72.607	18.235
214	44.957	72.735
215	19.245	79.186
216	83.895	17.310
217	21.064	7.907
218	72.726	93.204
219	64.107	73.070
220	75.039	50.884
221	23.176	21.604
222	86.013	46.867
223	52.605	68.871
224	74.456	80.047
225	89.749	50.722
226	39.125	85.266
227	86.764	90.591
228	19.910	62.230
229	36.381	84.774
230	54.546	67.910
231	7.193	58.974
232	21.436	50.529
233	54.189	99.274
234	59.258	53.294
235	20.051	10.639
236	3.925	65.969
237	92.975	6.113
238	33.583	52.419
239	36.476	79.745
240	62.206	32.273
241	56.957	66.478
242	72.494	44.798
243	24.558	42.085
244	28.611	73.135
245	12.961	66.216
246	59.462	56.987
247	73.788	21.784
248	53.075	71.966
249	11.130	53.737
250	52.773	3.583
251	72.002	60.393
252	95.694	94.180
253	18.119	40.403
254	84.353	90.753
255	94.852	48.552
256	31.806	71.950
257	62.798	63.421
258	71.105	82.241
259	7.733	20.127
260	69.588	51.473
261	94.467	11.219
262	38.734	27.885
263	80.273	8.850
264	80.105	2.734
265	53.545	11.368
266	58.074	54.646
267	13.242	67.464
268	39.912	91.794
269	54.787	80.944
270	93.915	20.096
271	78.045	49.345
272	86.120	15.503
273	82.977	39.418
274	66.329	28.468
275	68.642	52.669
276	83.978	98.834
277	1.123	84.069
278	24.512	9.140
279	66.033	27.036
280	6.943	54.588
281	71.197	27.857
282	33.094	57.671
283	15.186	42.619
284	29.283	5.704
285	87.283	99.826
286	70.980	39.305
287	14.496	21.793
288	31.120	69.994
289	21.323	7.974
290	42.665	54.997
291	17.756	33.290
292	16.034	7.428
293	81.310	64.669
294	2.078	69.921
295	48.576	48.827
296	41.136	29.887
297	81.982	74.517
298	88.900	4.486
299	27.369	62.258
300	59.633	73.443
301	28.025	84.774
302	77.395	87.857
303	10.782	71.203
304	75.921	33.100
305	9.799	98.218
306	37.733	73.962
307	43.672	21.195
308	13.160	60.097
309	11.505	48.549
310	9.833	20.014
311	23.527	12.329
312	93.353	21.628
313	31.919	38.282
314	89.673	27.534
315	77.453	68.389
316	29.908	23.154
317	17.576	39.128
318	28.123	45.848
319	51.592	68.487
320	32.749	93.130
321	8.487	54.897
322	42.283	38.112
323	13.117	41.215
324	25.858	30.296
325	96.332	46.870
326	39.308	9.836
327	64.647	21.284
328	77.383	13.428
329	95.160	21.717
330	52.718	99.890
331	71.221	68.661
332	42.189	73.614
333	24.607	81.863
334	91.256	34.010
335	99.744	50.197
336	16.962	29.011
337	5.594	38.386
338	0.186	40.840
339	70.937	83.804
340	7.770	82.116
341	68.517	86.416
342	35.151	30.427
343	23.811	45.048
344	10.147	79.531
345	73.968	43.013
346	48.476	35.243
347	92.587	36.332
348	1.669	34.223
349	45.921	47.569
350	88.009	13.694
351	96.173	18.506
352	47.041	10.300
353	17.454	24.689
354	8.438	16.153
355	40.107	5.033
356	15.656	70.269
357	88.937	9.589
358	95.148	13.453
359	31.022	18.604
360	11.692	84.802
361	98.743	35.984
362	0.504	87.921
363	3.583	10.297
364	16.681	5.002
365	6.442	86.471
366	92.721	86.883
367	59.951	41.215
368	44.594	97.180
369	88.525	5.432
370	17.164	38.682
371	21.726	26.615
372	9.406	40.089
373	46.574	74.429
374	70.196	31.202
375	94.418	42.567
376	5.185	84.738
377	28.001	50.063
378	85.485	52.867
379	44.377	95.080
380	98.675	76.608
381	59.227	64.409
382	32.859	96.173
383	88.272	51.744
384	34.352	40.449
385	91.388	87.869
386	29.606	23.688
387	95.019	35.878
388	52.031	27.543
389	58.547	54.582
390	64.324	96.591
391	0.244	83.172
392	16.919	25.452
393	48.396	50.319
394	33.232	65.654
395	33.253	60.814
396	62.218	30.305
397	85.449	62.853
398	89.016	24.793
399	56.453	49.138
400	44.169	81.549
401	26.749	94.870
402	2.139	27.055
403	17.325	85.775
404	9.668	59.215
405	70.092	39.341
406	34.684	63.158
407	12.888	72.277
408	76.321	43.696
409	74.691	17.438
410	26.676	2.478
411	66.619	43.266
412	25.016	38.002
413	94.409	78.900
414	94.906	96.597
415	17.933	98.074
416	5.029	52.525
417	23.450	64.934
418	44.261	45.293
419	24.131	94.885
420	51.582	52.315
421	54.573	33.607
422	91.565	25.065
423	74.853	7.367
424	15.918	66.829
425	49.782	47.734
426	1.880	80.160
427	19.013	43.831
428	7.892	62.215
429	23.533	25.266
430	37.367	76.061
431	4.285	28.846
432	51.042	76.064
433	38.441	52.193
434	18.592	15.531
435	29.029	47.407
436	50.160	14.679
437	13.483	57.915
438	98.355	17.112
439	6.763	51.555
440	71.395	12.848
441	44.694	53.145
442	48.027	56.145
443	43.095	29.524
444	34.800	56.102
445	38.377	30.302
446	56.374	68.291
447	25.196	37.382
448	19.428	65.471
449	56.810	26.395
450	40.880	15.531
451	23.743	93.182
452	80.917	44.777
453	76.434	48.418
454	71.593	14.704
455	7.379	33.576
456	81.539	90.378
457	58.568	61.235
458	7.422	28.507
459	69.655	32.987
460	32.810	63.430
461	32.618	37.974
462	45.006	19.007
463	68.490	85.229
464	50.557	24.674
465	91.760	72.921
466	79.998	63.677
467	78.127	47.652
468	22.483	31.687
469	1.160	56.905
470	80.929	33.888
471	53.581	47.789
472	88.269	98.648
473	18.677	15.192
474	75.512	35.939
475	7.596	52.486
476	32.127	18.601
477	28.053	7.874
478	49.486	14.570
479	0.098	99.554
480	87.902	48.231
481	84.628	92.767
482	57.942	18.976
483	40.144	91.903
484	56.630	55.126
485	73.537	50.777
486	49.138	31.324
487	0.369	54.176
488	36.628	27.534
489	80.419	73.830
490	0.842	57.765
491	43.965	51.912
492	66.076	46.641
493	74.612	15.226
494	69.155	81.954
495	64.101	73.162
496	78.072	21.323
497	4.868	2.554
498	49.834	81.066
499	35.899	72.637
500	68.239	85.430
501	7.541	13.068
502	52.129	4.303
503	80.880	78.356
504	74.792	57.530
505	27.305	11.588
506	85.107	13.929
507	43.916	60.787
508	71.102	63.198
509	50.346	50.874
510	56.475	88.763
511	82.684	64.470
512	70.797	19.755
513	50.066	34.544
514	83.923	90.204
515	69.616	2.179
516	45.326	83.560
517	45.299	42.439
518	18.928	90.747
519	6.363	11.557
520	54.045	59.755
521	70.992	18.528
522	83.111	65.007
523	50.737	74.242
524	86.782	74.548
525	61.431	21.287
526	17.038	43.220
527	56.163	97.531
528	18.934	9.955
529	45.930	36.607
530	41.575	27.265
531	23.643	58.495
532	79.028	1.099
533	57.039	53.169
534	31.687	69.185
535	66.201	10.642
536	28.809	95.950
537	51.244	0.339
538	2.789	12.189
539	85.839	53.053
540	55.818	77.587
541	42.170	48.561
542	9.565	94.183
543	62.984	62.011
544	78.466	48.985
545	46.294	72.246
546	57.295	13.770
547	58.452	85.153
548	63.607	80.270
549	41.133	75.167
550	25.687	58.791
551	27.897	98.099
552	56.633	18.479
553	35.957	78.335
554	5.203	97.302
555	48.756	23.609
556	24.036	59.841
557	54.991	70.415
558	45.891	31.126
559	59.713	13.215
560	8.496	84.518
561	33.113	20.585
562	18.699	11.850
563	12.644	91.360
564	96.454	53.899
565	24.064	53.960
566	89.331	19.346
567	37.080	62.032
568	98.184	70.345
569	21.152	89.456
570	4.535	2.783
571	17.151	77.926
572	40.385	99.460
573	90.442	40.190
574	90.982	84.152
575	81.042	72.063
576	71.261	54.866
577	16.471	76.379
578	66.540	24.259
579	2.939	51.943
580	78.076	45.451
581	60.454	50.710
582	64.144	51.274
583	17.508	56.182
584	17.249	85.156
585	30.976	86.261
586	68.102	51.717
587	46.812	73.644
588	56.941	65.218
589	67.202	26.859
590	62.929	23.988
591	39.787	25.105
592	32.112	88.955
593	34.577	49.995
594	94.687	94.388
595	24.192	7.361
596	12.113	69.018
597	33.036	42.198
598	44.780	95.611
599	71.059	99.905
600	80.758	87.164
601	17.698	36.943
602	16.324	7.788
603	71.648	34.031
604	28.904	16.517
605	32.072	15.018
606	32.951	61.992
607	26.893	24.506
608	59.536	6.342
609	53.764	67.443
610	50.133	6.235
611	49.373	63.695
612	5.329	29.304
613	52.678	20.832
614	79.022	34.022
615	77.740	78.191
616	58.745	91.229
617	61.715	25.312
618	22.776	75.329
619	3.693	47.981
620	14.597	3.375
621	59.981	4.886
622	25.385	50.136
623	11.426	88.076
624	25.132	17.209
625	68.490	70.345
626	33.003	84.448
627	29.575	92.642
628	67.614	21.650
629	58.367	94.647
630	67.769	88.800
631	95.679	41.646
632	24.384	2.847
633	71.545	50.810
634	14.133	99.274
635	33.113	70.009
636	75.472	66.451
637	53.978	12.305
638	17.701	81.024
639	40.584	99.231
640	3.638	22.361
641	1.337	15.952
642	96.551	94.275
643	94.034	31.532
644	11.972	32.017
645	17.215	87.292
646	65.050	22.852
647	61.129	6.507
648	53.972	18.140
649	83.834	28.495
650	70.208	65.203
651	28.193	20.252
652	76.104	37.010
653	45.241	68.752
654	40.486	87.881
655	39.674	7.013
656	72.909	13.230
657	3.012	77.142
658	47.136	41.600
659	50.087	83.325
660	54.552	36.995
661	24.467	38.057
662	78.018	39.729
663	88.473	54.637
664	26.920	23.847
665	63.356	89.065
666	23.933	99.307
667	35.340	84.487
668	84.194	36.958
669	93.072	21.311
670	77.459	44.563
671	12.143	26.109
672	13.923	71.871
673	52.351	42.415
674	44.267	72.939
675	83.215	16.590
676	14.606	3.790
677	3.482	1.843
678	66.955	83.590
679	70.211	33.515
680	25.776	97.342
681	3.000	78.823
682	61.373	68.410
683	79.098	14.093
684	70.565	78.814
685	84.896	32.710
686	65.459	65.548
687	39.564	36.805
688	10.788	70.965
689	56.313	15.894
690	0.558	75.420
691	57.012	65.545
692	14.530	90.249
693	5.753	49.190
694	45.256	39.222
695	76.983	56.261
696	36.210	6.607
697	23.795	59.713
698	21.705	79.958
699	62.117	26.096
700	9.168	65.731
701	36.265	81.292
702	94.452	5.933
703	81.622	85.028
704	50.740	73.812
705	49.974	17.335
706	81.762	76.803
707	13.202	30.006
708	79.836	44.819
709	10.895	66.247
710	79.461	32.044
711	57.533	1.599
712	47.017	10.269
713	74.880	9.296
714	97.247	82.022
715	65.194	3.131
716	77.081	91.485
717	90.863	61.022
718	7.526	61.455
719	76.138	82.327
720	24.131	34.349
721	96.551	82.113
722	6.745	45.470
723	71.639	75.436
724	39.155	6.601
725	26.643	54.802
726	89.215	28.098
727	38.746	13.898
728	50.111	57.573
729	33.528	20.765
730	33.424	63.295
731	47.230	93.475
732	54.500	40.471
733	20.478	81.503
734	0.900	68.459
735	39.051	5.872
736	24.442	97.134
737	87.368	61.223
738	47.511	90.435
739	30.290	32.908
740	24.256	5.298
741	88.864	32.258
742	47.295	34.046
743	25.626	3.140
744	40.541	88.382
745	5.130	2.927
746	28.803	53.105
747	45.271	11.005
748	24.754	87.716
749	25.047	67.946
750	23.917	3.922
751	64.431	98.465
752	48.280	97.339
753	41.890	21.299
754	29.176	61.327
755	65.261	99.133
756	70.025	61.254
757	61.547	31.651
758	79.611	97.180
759	1.303	44.939
760	16.474	33.186
761	23.215	80.230
762	35.066	21.397
763	74.474	35.249
764	74.291	98.868
765	32.621	61.202
766	79.040	85.455
767	24.470	68.523
768	95.379	60.775
769	7.697	44.588
770	29.987	48.405
771	30.766	36.433
772	14.472	85.424
773	36.802	1.636
774	65.188	5.411
775	27.036	80.523
776	79.205	13.111
777	49.425	92.727
778	57.024	78.738
779	28.123	11.344
780	92.688	30.201
781	99.377	17.737
782	21.857	71.273
783	69.488	90.100
784	68.593	3.870
785	60.500	28.965
786	81.326	82.559
787	59.160	72.765
788	98.740	79.397
789	34.877	6.497
790	36.177	87.286
791	42.198	16.758
792	33.146	39.897
793	73.528	96.112
794	52.611	76.327
795	77.633	50.060
796	72.640	28.617
797	9.607	9.650
798	61.089	60.240
799	27.921	2.863
800	73.907	33.686
801	4.123	87.936
802	67.678	35.289
803	60.918	1.706
804	67.086	35.386
805	4.126	26.142
806	77.862	11.963
807	64.296	26.127
808	85.852	15.909
809	13.419	61.696
810	32.884	5.982
811	72.536	27.784
812	9.973	31.639
813	75.753	24.656
814	58.574	91.827
815	6.342	12.113
816	20.417	47.899
817	70.537	50.621
818	26.667	18.732
819	24.631	82.467
820	66.903	36.225
821	21.049	56.099
822	28.639	89.236
823	88.965	46.742
824	47.984	34.144
825	15.122	76.418
826	62.032	0.156
827	40.495	86.535
828	3.647	67.415
829	38.356	66.103
830	29.279	46.138
831	89.444	88.775
832	20.368	34.812
833	19.816	61.773
834	49.046	85.653
835	17.032	39.869
836	48.698	55.385
837	90.255	7.526
838	80.044	69.518
839	89.950	82.336
840	33.338	78.222
841	52.782	42.845
842	57.360	31.916
843	87.298	33.952
844	55.730	54.723
845	66.094	52.959
846	41.295	43.901
847	40.037	69.396
848	89.111	73.360
849	40.172	81.771
850	78.683	29.426
851	82.965	64.370
852	66.112	56.941
853	44.481	7.208
854	76.724	43.849
855	19.138	2.271
856	58.837	22.379
857	28.666	79.162
858	89.306	14.957
859	96.854	43.306
860	71.419	2.960
861	55.773	19.819
862	15.836	46.471
863	99.072	56.145
864	45.122	33.097
865	47.938	86.612
866	12.574	84.066
867	45.402	12.049
868	75.912	95.614
869	44.594	97.555
870	16.459	43.898
871	6.534	41.533
872	44.517	31.492
873	73.174	19.181
874	81.426	3.601
875	31.196	53.487
876	59.044	12.149
877	32.316	16.904
878	27.244	55.818
879	85.614	16.819
880	10.016	74.206
881	87.570	67.922
882	0.845	24.204
883	5.445	4.608
884	37.974	16.733
885	79.583	36.592
886	50.157	41.951
887	60.268	0.732
888	13.553	61.049
889	44.823	12.345
890	10.407	92.801
891	30.491	69.012
892	30.055	72.945
893	48.778	10.059
894	2.985	14.551
895	96.850	84.851
896	8.518	47.490
897	31.648	32.954
898	46.742	65.102
899	42.317	29.380
900	15.323	56.270
901	66.561	97.980
902	81.841	50.923
903	66.588	46.104
904	92.242	57.167
905	30.259	23.716
906	6.058	18.116
907	13.025	60.018
908	99.026	66.616
909	86.334	80.752
910	23.649	5.899
911	8.100	59.276
912	68.493	94.378
913	80.886	4.581
914	6.635	62.639
915	13.364	39.317
916	74.093	40.803
917	50.768	71.001
918	68.664	24.357
919	89.883	9.503
920	9.992	56.590
921	44.258	33.979
922	51.317	55.751
923	75.207	62.279
924	83.654	65.065
925	54.283	26.075
926	22.953	53.710
927	72.814	4.776
928	20.908	46.928
929	64.116	21.308
930	90.023	13.324
931	54.064	52.998
932	83.541	87.548
933	5.567	60.561
934	20.908	56.417
935	72.652	88.427
936	99.356	86.691
937	29.707	39.451
938	82.241	22.526
939	91.574	77.181
940	4.770	30.811
941	90.057	58.754
942	87.738	22.462
943	22.547	51.646
944	99.887	27.824
945	38.292	37.263
946	59.526	54.299
947	78.011	54.625
948	16.059	4.337
949	32.450	87.194
950	1.971	81.890
951	35.527	45.976
952	96.002	65.456
953	57.634	52.071
954	88.012	75.887
955	14.780	71.743
956	86.322	17.011
957	59.206	7.129
958	57.967	17.261
959	67.003	95.810
960	42.647	50.365
961	88.504	22.190
962	30.894	63.314
963	76.931	94.034
964	47.163	89.642
965	61.031	87.054
966	28.391	76.193
967	77.264	10.886
968	38.716	1.505
969	27.177	99.402
970	10.941	13.901
971	75.625	78.603
972	55.385	67.440
973	55.403	15.174
974	26.734	83.831
975	93.991	98.810
976	89.550	18.485
977	27.949	61.470
978	72.997	58.757
979	20.670	86.670
980	55.486	32.539
981	49.049	11.927
982	69.814	55.367
983	74.743	77.523
984	69.430	94.089
985	65.615	24.628
986	46.464	75.274
987	83.007	96.036
988	42.158	16.489
989	0.452	42.479
990	40.254	8.524
991	69.457	87.826
992	84.078	26.743
993	97.974	56.099
994	7.828	99.637
995	57.207	13.614
996	22.791	12.745
997	82.366	29.218
998	49.016	76.077
999	82.965	5.866
End the user

Start the original macrocell
End the original macrocell
