region_length = 200
region_width = 200
num_candicate_point = 100
num_user = 2000
num_original_macrocell = 0

Start the candicate point
0	131.413	198.315
1	119.315	183.654
2	31.153	99.442
3	165.252	146.764
4	192.657	1.959
5	78.280	0.916
6	85.134	55.300
7	38.783	19.202
8	146.941	71.914
9	127.030	107.755
10	118.686	152.647
11	172.253	83.657
12	134.782	37.403
13	25.513	81.314
14	29.218	12.531
15	162.682	168.572
16	12.250	106.015
17	23.658	153.880
18	173.852	1.910
19	194.324	65.694
20	170.501	5.066
21	37.129	85.458
22	151.390	87.582
23	76.955	15.241
24	80.288	148.057
25	148.131	61.507
26	109.427	115.079
27	9.143	16.047
28	161.534	26.026
29	31.153	15.522
30	176.342	112.571
31	66.536	160.717
32	177.819	24.000
33	103.812	176.769
34	18.305	19.770
35	15.119	195.782
36	155.937	62.368
37	2.557	42.836
38	121.372	41.859
39	49.538	106.864
40	30.421	63.314
41	183.532	177.422
42	198.450	28.370
43	56.343	128.843
44	13.080	42.201
45	48.280	32.856
46	121.360	77.102
47	2.295	180.975
48	87.527	23.988
49	194.580	197.876
50	177.874	163.030
51	47.621	127.085
52	28.687	184.649
53	192.199	70.180
54	53.737	192.206
55	184.332	60.714
56	147.386	17.530
57	83.682	154.173
58	139.702	80.654
59	199.457	15.247
60	159.801	124.839
61	10.138	183.557
62	163.549	58.327
63	163.366	99.136
64	182.067	33.961
65	162.029	69.008
66	147.124	197.943
67	43.043	55.965
68	49.763	38.936
69	54.909	70.858
70	88.375	168.926
71	40.345	49.690
72	162.474	66.823
73	130.265	196.710
74	168.401	16.321
75	55.306	74.746
76	53.285	169.115
77	81.240	24.110
78	83.419	164.696
79	74.404	191.217
80	83.346	38.154
81	103.476	148.235
82	101.883	47.023
83	83.853	185.003
84	61.379	148.546
85	70.833	54.482
86	46.431	158.611
87	107.883	52.944
88	188.244	123.533
89	36.219	16.193
90	0.989	136.009
91	172.008	113.028
92	126.408	126.438
93	57.332	17.267
94	142.753	60.903
95	191.321	139.500
96	194.549	77.041
97	147.490	99.844
98	99.234	189.032
99	183.782	123.026
End the candicate point

Start the user
0	87.033	93.002
1	151.347	136.924
2	30.293	104.074
3	8.466	55.879
4	118.485	156.273
5	145.738	30.067
6	35.182	96.591
7	28.895	142.076
8	193.274	4.474
9	165.423	132.029
10	84.555	167.895
11	101.273	32.502
12	100.095	47.340
13	53.871	94.400
14	77.505	58.968
15	87.783	85.134
16	131.455	108.103
17	39.070	140.306
18	23.603	104.392
19	94.882	50.148
20	28.248	189.892
21	34.260	162.017
22	149.931	111.209
23	36.567	180.090
24	49.245	67.147
25	63.753	43.623
26	133.097	62.868
27	122.666	165.007
28	165.661	102.048
29	13.703	8.716
30	56.282	48.109
31	72.091	92.666
32	180.639	85.885
33	107.889	192.999
34	91.263	14.881
35	51.167	33.644
36	173.846	105.484
37	108.475	41.963
38	105.441	149.248
39	136.876	51.527
40	70.937	34.614
41	41.835	133.561
42	193.902	79.269
43	105.155	38.032
44	138.163	50.380
45	49.287	25.843
46	136.393	103.958
47	144.169	173.205
48	1.807	174.645
49	162.920	129.612
50	179.400	47.121
51	92.599	10.523
52	192.804	40.419
53	6.317	6.091
54	143.168	136.338
55	2.911	187.121
56	16.211	83.297
57	20.411	89.578
58	53.725	106.803
59	29.658	158.867
60	145.781	157.817
61	14.191	35.084
62	99.911	130.265
63	42.744	160.588
64	143.461	178.918
65	40.541	91.025
66	115.415	168.932
67	165.716	191.192
68	103.940	188.299
69	196.991	96.835
70	185.821	154.369
71	39.021	23.817
72	24.177	45.857
73	151.494	105.667
74	180.596	191.412
75	8.325	41.017
76	97.940	146.092
77	193.237	32.002
78	10.169	187.054
79	37.782	94.900
80	135.325	159.496
81	8.386	124.351
82	7.953	104.386
83	148.296	192.285
84	107.291	198.968
85	180.920	62.880
86	37.342	41.475
87	180.798	4.834
88	15.192	11.213
89	18.323	82.076
90	123.777	135.282
91	84.579	4.273
92	85.311	193.182
93	102.475	118.406
94	11.756	90.573
95	130.515	22.486
96	88.394	33.418
97	165.337	182.965
98	46.907	133.799
99	49.367	36.702
100	184.167	178.533
101	89.792	159.148
102	182.952	192.041
103	95.090	179.638
104	90.872	124.534
105	35.414	25.294
106	113.785	96.878
107	33.058	174.657
108	179.827	133.311
109	89.224	102.341
110	130.503	13.330
111	53.395	195.941
112	94.900	173.992
113	41.505	126.481
114	103.415	93.747
115	9.229	153.612
116	97.104	89.346
117	86.563	146.831
118	189.093	156.694
119	179.992	3.937
120	134.080	187.237
121	48.506	48.067
122	62.386	190.893
123	159.685	84.439
124	34.645	56.960
125	132.054	98.117
126	73.470	84.103
127	70.150	74.081
128	28.333	10.730
129	198.279	120.768
130	129.868	177.062
131	99.405	178.405
132	189.917	150.017
133	165.410	93.350
134	103.476	42.329
135	164.855	139.695
136	8.918	56.972
137	134.617	169.402
138	162.603	88.266
139	101.602	72.152
140	84.201	110.868
141	40.773	126.298
142	29.005	187.890
143	175.762	122.007
144	143.425	29.444
145	28.278	37.941
146	159.917	132.798
147	122.678	152.727
148	187.634	35.389
149	151.775	172.393
150	55.055	112.076
151	110.263	55.129
152	160.759	47.670
153	1.978	114.524
154	88.699	16.199
155	27.235	82.565
156	144.163	97.995
157	56.453	113.688
158	66.683	165.947
159	96.432	11.060
160	76.162	172.179
161	155.388	56.386
162	108.444	66.292
163	13.080	124.485
164	196.570	76.577
165	102.347	63.887
166	54.036	185.327
167	8.063	24.696
168	16.205	129.502
169	190.112	114.933
170	196.197	158.147
171	36.232	66.701
172	11.457	77.578
173	51.405	93.344
174	137.339	15.784
175	89.651	18.818
176	43.788	37.202
177	34.724	60.701
178	171.599	39.106
179	35.902	147.826
180	104.270	60.933
181	105.063	154.027
182	191.882	37.696
183	181.372	129.112
184	183.129	128.867
185	69.753	108.377
186	121.860	53.792
187	159.508	181.848
188	64.260	165.099
189	129.197	4.566
190	73.037	91.177
191	144.127	29.133
192	44.777	79.080
193	152.672	41.774
194	26.771	69.076
195	187.671	83.151
196	179.534	32.051
197	79.122	135.228
198	41.279	1.093
199	84.512	55.336
200	50.624	128.446
201	42.909	138.853
202	183.709	199.097
203	159.215	191.522
204	61.989	132.286
205	24.628	92.917
206	187.127	102.115
207	179.833	132.084
208	58.876	8.588
209	26.856	96.707
210	32.606	130.265
211	196.173	197.119
212	72.402	89.792
213	174.957	6.177
214	56.197	163.646
215	103.085	96.591
216	189.074	67.147
217	142.845	156.597
218	181.005	46.248
219	128.764	65.493
220	145.329	7.105
221	103.781	110.202
222	74.178	114.866
223	47.981	24.000
224	47.066	192.773
225	6.153	28.883
226	28.993	152.989
227	120.432	162.615
228	14.179	190.265
229	174.255	71.810
230	171.838	169.732
231	153.941	152.330
232	150.072	140.135
233	34.040	18.104
234	194.269	3.693
235	92.807	179.803
236	36.189	73.806
237	163.964	114.481
238	10.022	151.939
239	131.065	7.483
240	151.592	54.921
241	70.693	147.917
242	137.077	23.829
243	150.743	58.797
244	17.420	145.805
245	89.956	143.309
246	4.651	19.977
247	85.171	128.269
248	66.482	198.834
249	12.262	86.123
250	185.272	36.134
251	7.263	116.715
252	37.751	72.848
253	33.735	70.052
254	151.744	192.102
255	142.784	191.369
256	95.926	74.581
257	31.849	69.668
258	159.252	185.614
259	8.625	171.068
260	75.918	25.031
261	166.259	138.102
262	52.358	71.291
263	76.125	136.369
264	52.425	150.902
265	4.511	29.646
266	197.027	64.522
267	159.288	64.754
268	34.443	0.970
269	172.918	47.475
270	137.663	170.348
271	128.117	90.744
272	184.814	187.542
273	132.255	116.276
274	179.156	37.397
275	146.886	191.070
276	164.721	152.800
277	78.585	79.867
278	93.893	36.793
279	37.391	94.845
280	3.247	160.259
281	169.042	23.914
282	153.801	166.045
283	167.284	18.696
284	91.934	111.155
285	72.573	23.566
286	87.368	177.953
287	63.283	26.936
288	104.239	185.839
289	45.778	116.086
290	161.687	134.519
291	149.535	16.712
292	40.120	110.196
293	133.647	98.538
294	189.477	185.876
295	10.828	128.166
296	195.587	47.066
297	95.340	150.432
298	61.116	174.157
299	180.914	179.577
300	57.143	112.613
301	55.013	81.375
302	1.685	62.410
303	55.757	127.549
304	121.433	117.765
305	77.548	3.729
306	152.983	188.543
307	131.870	152.147
308	39.680	134.593
309	69.362	30.299
310	80.551	144.163
311	169.524	167.034
312	87.271	87.747
313	4.175	196.936
314	5.737	78.542
315	81.075	154.662
316	158.257	170.843
317	73.806	10.199
318	162.700	27.497
319	144.261	126.414
320	84.896	87.863
321	163.945	20.081
322	80.435	67.287
323	140.416	107.761
324	82.199	119.584
325	54.933	17.585
326	189.831	93.551
327	17.817	148.412
328	117.435	14.960
329	147.545	57.411
330	155.687	25.166
331	79.946	157.476
332	4.682	107.559
333	113.767	105.612
334	133.732	33.216
335	98.752	163.622
336	24.348	56.923
337	72.591	112.259
338	152.690	194.842
339	152.959	0.214
340	67.708	15.021
341	90.793	109.073
342	21.265	172.167
343	191.314	15.516
344	106.430	17.627
345	8.692	132.115
346	160.228	116.221
347	120.920	7.794
348	187.109	0.745
349	190.960	169.408
350	159.374	195.825
351	20.460	185.498
352	150.792	41.987
353	2.368	133.622
354	59.639	151.506
355	78.524	152.416
356	77.523	27.015
357	8.637	59.694
358	160.070	74.392
359	56.856	117.820
360	55.867	140.922
361	102.127	127.537
362	149.870	10.144
363	78.658	131.651
364	77.444	184.637
365	152.690	109.653
366	165.453	187.835
367	141.862	144.646
368	56.447	116.355
369	183.410	43.788
370	172.430	73.861
371	157.414	93.497
372	174.187	17.914
373	71.401	130.631
374	72.689	50.874
375	112.546	11.017
376	148.619	86.239
377	173.608	56.423
378	136.399	121.647
379	159.075	161.315
380	28.877	49.696
381	77.529	140.641
382	159.038	38.002
383	26.667	199.896
384	114.811	9.546
385	77.078	108.640
386	143.443	54.738
387	161.144	158.867
388	1.495	106.326
389	173.278	89.315
390	106.827	108.487
391	187.719	57.088
392	148.784	11.255
393	0.116	37.770
394	12.812	21.662
395	99.319	135.313
396	175.829	42.665
397	75.301	182.940
398	28.468	131.346
399	169.860	116.337
400	80.618	107.370
401	176.006	100.290
402	106.333	143.199
403	192.505	90.182
404	184.503	67.098
405	39.698	9.430
406	91.446	10.364
407	42.970	24.232
408	1.727	129.899
409	189.935	96.811
410	153.398	37.397
411	167.803	98.416
412	33.967	66.518
413	87.051	63.350
414	143.327	9.113
415	197.644	65.304
416	89.853	51.863
417	4.065	97.104
418	75.985	144.572
419	85.525	35.328
420	129.502	131.346
421	27.363	70.907
422	136.753	75.906
423	170.159	86.923
424	34.059	112.314
425	182.537	165.056
426	13.654	52.297
427	164.183	101.651
428	100.217	80.490
429	85.110	114.939
430	154.442	168.828
431	67.495	24.384
432	59.749	141.313
433	116.398	83.706
434	148.546	20.417
435	5.493	148.479
436	24.049	186.407
437	124.210	159.923
438	34.187	180.737
439	192.364	25.867
440	153.648	84.933
441	48.677	80.233
442	130.369	106.058
443	19.373	2.295
444	52.760	100.046
445	73.037	176.995
446	193.884	64.235
447	68.142	177.435
448	88.803	130.265
449	99.368	150.963
450	101.407	88.577
451	48.939	190.014
452	36.940	175.890
453	149.419	68.917
454	56.471	156.731
455	63.942	28.028
456	49.593	30.409
457	90.378	186.346
458	121.537	194.629
459	195.526	63.881
460	151.012	196.924
461	85.641	195.093
462	74.996	105.362
463	19.550	114.518
464	56.740	29.505
465	170.605	95.993
466	193.213	23.109
467	43.648	126.585
468	118.223	99.655
469	153.441	96.561
470	157.555	192.041
471	70.486	86.624
472	192.273	187.677
473	40.876	133.641
474	86.441	70.199
475	86.050	156.175
476	35.646	99.100
477	188.995	21.021
478	92.349	58.449
479	72.945	31.977
480	24.549	106.076
481	178.985	22.163
482	163.848	54.335
483	148.662	131.101
484	199.194	13.794
485	17.951	47.798
486	172.643	31.037
487	28.840	1.105
488	33.277	51.881
489	64.675	78.597
490	5.597	41.231
491	15.607	155.205
492	128.593	190.802
493	80.404	12.854
494	21.778	46.016
495	110.794	132.414
496	34.474	83.273
497	4.639	139.103
498	34.462	168.841
499	54.244	182.714
500	192.407	30.677
501	55.904	33.802
502	18.183	174.371
503	87.106	177.203
504	5.481	174.456
505	157.530	83.981
506	140.776	172.411
507	40.101	143.248
508	33.015	112.510
509	88.443	34.889
510	120.365	146.831
511	146.812	24.653
512	109.995	140.635
513	158.947	162.676
514	107.450	109.433
515	181.939	66.811
516	191.656	118.894
517	11.475	72.005
518	91.891	78.909
519	124.625	26.856
520	123.002	163.054
521	146.440	118.766
522	34.980	84.683
523	146.696	8.820
524	133.354	160.955
525	172.924	57.680
526	126.432	195.886
527	125.974	123.789
528	55.843	113.950
529	184.521	114.994
530	166.448	175.195
531	84.530	175.060
532	71.987	103.305
533	60.121	86.093
534	72.720	157.799
535	151.988	168.303
536	181.188	81.588
537	89.657	58.211
538	112.491	155.260
539	53.792	46.706
540	195.264	89.102
541	124.900	158.049
542	59.566	184.454
543	124.503	51.149
544	58.010	95.260
545	55.251	124.430
546	76.345	21.436
547	46.046	105.344
548	89.706	65.011
549	8.515	105.997
550	120.866	180.419
551	111.051	25.983
552	156.652	50.240
553	76.681	83.804
554	78.823	117.570
555	11.054	157.933
556	165.685	106.198
557	166.698	119.034
558	20.594	60.030
559	149.870	34.339
560	83.737	32.856
561	176.263	25.611
562	183.300	59.743
563	81.784	61.824
564	82.363	141.362
565	94.607	67.891
566	77.798	72.402
567	74.899	30.628
568	7.251	45.424
569	28.266	83.285
570	120.737	61.324
571	199.396	49.770
572	172.777	77.712
573	151.878	29.945
574	191.601	126.395
575	140.788	107.181
576	81.503	131.285
577	183.935	159.398
578	114.689	57.930
579	138.261	54.897
580	68.758	125.968
581	187.585	14.209
582	66.207	115.641
583	47.884	19.196
584	72.115	99.796
585	96.426	50.655
586	106.265	32.466
587	130.955	35.743
588	125.974	125.376
589	165.258	86.349
590	35.908	43.538
591	167.241	109.775
592	181.054	51.326
593	145.885	172.918
594	179.168	140.080
595	93.258	101.218
596	48.927	68.679
597	187.884	93.649
598	90.060	148.265
599	165.606	34.895
600	71.590	102.274
601	64.388	86.160
602	184.661	33.186
603	49.153	35.633
604	115.946	27.161
605	122.898	190.045
606	98.099	27.735
607	30.433	88.449
608	93.356	110.031
609	160.997	19.526
610	166.613	186.499
611	155.828	23.682
612	4.181	75.600
613	27.186	161.119
614	34.553	164.660
615	94.894	127.195
616	107.297	198.029
617	146.678	196.289
618	186.450	21.943
619	128.654	175.463
620	14.618	17.304
621	172.112	149.095
622	4.010	51.491
623	62.850	95.791
624	110.672	80.685
625	159.392	158.855
626	148.180	33.760
627	66.237	51.442
628	97.067	109.085
629	68.453	177.819
630	66.146	115.464
631	33.863	151.799
632	62.081	188.470
633	189.038	93.783
634	23.389	113.431
635	75.356	187.506
636	75.167	186.285
637	91.464	77.792
638	60.714	43.562
639	128.208	190.649
640	106.467	192.840
641	102.457	156.767
642	76.260	74.703
643	96.023	19.898
644	71.383	187.738
645	105.857	11.164
646	32.545	107.553
647	111.850	170.678
648	0.067	131.272
649	68.459	197.644
650	88.516	178.594
651	126.426	10.279
652	132.011	80.819
653	90.780	196.710
654	56.545	88.961
655	21.467	38.099
656	135.490	132.267
657	182.812	85.385
658	184.490	58.382
659	47.969	170.702
660	52.168	186.407
661	164.843	34.846
662	62.703	4.071
663	189.453	52.034
664	166.625	140.342
665	93.210	33.106
666	56.081	44.624
667	50.258	188.580
668	0.818	103.897
669	11.103	32.643
670	61.080	28.944
671	68.868	109.488
672	33.717	41.023
673	24.329	123.075
674	187.768	90.133
675	56.111	151.750
676	145.738	36.201
677	102.097	128.800
678	166.826	24.396
679	58.510	70.345
680	188.342	185.858
681	2.783	31.678
682	81.606	94.980
683	146.532	73.415
684	78.530	114.743
685	124.772	18.659
686	25.153	61.025
687	127.866	82.400
688	18.390	117.392
689	82.150	154.460
690	82.235	31.513
691	185.730	17.188
692	39.631	124.473
693	5.554	79.202
694	36.366	144.176
695	42.122	106.320
696	73.092	94.217
697	167.943	131.095
698	1.856	69.350
699	46.132	22.065
700	143.309	28.840
701	135.337	94.052
702	180.847	138.963
703	187.188	40.669
704	88.003	15.918
705	42.640	170.403
706	145.280	100.363
707	33.357	27.430
708	2.643	94.821
709	194.427	178.484
710	44.032	95.279
711	194.647	46.913
712	9.992	148.106
713	190.680	175.347
714	134.861	63.686
715	111.234	198.065
716	154.576	17.908
717	177.612	104.392
718	41.475	172.765
719	166.802	74.392
720	22.279	47.389
721	23.426	68.026
722	135.551	70.742
723	126.780	49.123
724	84.841	47.108
725	19.123	25.324
726	43.776	165.844
727	101.657	185.345
728	169.396	86.428
729	104.239	114.682
730	79.873	130.192
731	35.237	171.172
732	53.011	109.934
733	17.658	1.471
734	1.630	28.694
735	117.930	79.897
736	182.214	178.857
737	173.400	50.697
738	92.935	72.976
739	125.028	155.162
740	117.502	137.431
741	61.354	124.662
742	170.812	0.256
743	80.013	21.070
744	102.915	104.349
745	173.144	5.597
746	117.423	77.297
747	42.799	117.423
748	160.540	189.148
749	52.803	43.361
750	137.150	129.258
751	23.035	159.783
752	110.031	33.595
753	72.665	28.040
754	138.585	193.634
755	18.384	24.689
756	113.187	178.149
757	134.056	87.674
758	41.572	199.164
759	177.813	59.816
760	143.413	53.291
761	93.124	10.834
762	9.259	69.710
763	89.834	19.086
764	180.328	196.020
765	111.606	194.360
766	5.097	53.212
767	195.856	22.877
768	129.234	91.159
769	132.615	15.925
770	74.880	75.539
771	128.391	143.126
772	65.682	37.849
773	81.411	31.788
774	153.795	119.431
775	174.395	13.532
776	4.999	40.919
777	191.198	199.396
778	198.425	28.382
779	63.503	64.699
780	196.808	127.274
781	53.877	125.016
782	43.812	135.582
783	81.350	184.277
784	144.554	87.332
785	195.874	136.467
786	185.473	117.771
787	107.822	2.106
788	150.060	41.408
789	178.863	180.700
790	86.404	74.203
791	180.352	0.439
792	183.044	31.147
793	25.599	146.513
794	9.168	30.500
795	182.208	49.031
796	75.643	35.902
797	170.684	12.152
798	172.881	67.605
799	55.739	165.307
800	41.963	14.154
801	136.308	18.030
802	35.243	75.643
803	140.709	99.539
804	122.593	169.921
805	133.103	64.327
806	99.625	132.865
807	37.538	145.006
808	154.143	44.142
809	185.858	133.677
810	47.011	109.525
811	195.599	173.107
812	63.765	31.129
813	184.338	138.823
814	193.121	96.811
815	26.490	93.570
816	88.717	119.926
817	59.059	195.245
818	70.351	60.732
819	142.338	139.573
820	120.847	60.732
821	82.064	118.857
822	134.904	121.049
823	119.047	177.929
824	176.165	156.322
825	92.697	148.650
826	198.730	55.141
827	184.600	44.197
828	189.355	78.426
829	48.402	94.321
830	186.615	26.948
831	32.337	102.890
832	133.293	109.177
833	100.497	108.969
834	18.177	140.867
835	159.246	32.606
836	63.613	7.447
837	194.946	86.721
838	14.948	20.637
839	129.221	36.171
840	88.223	100.345
841	198.138	85.409
842	32.331	13.294
843	161.364	75.832
844	61.818	199.536
845	147.703	174.218
846	116.697	18.024
847	43.239	133.372
848	5.420	142.705
849	28.248	106.326
850	87.374	140.104
851	169.213	95.291
852	50.948	159.935
853	72.170	16.596
854	43.709	169.774
855	103.659	62.966
856	110.678	65.133
857	185.424	144.212
858	197.089	86.196
859	69.289	87.790
860	71.841	72.420
861	98.294	180.309
862	27.943	186.316
863	160.424	131.339
864	116.105	37.544
865	41.194	40.687
866	167.827	38.771
867	81.271	50.520
868	164.147	124.284
869	145.451	63.424
870	6.397	62.838
871	9.198	7.752
872	45.143	95.859
873	169.060	31.538
874	23.511	132.286
875	183.050	106.088
876	191.345	31.318
877	147.490	20.661
878	46.187	4.309
879	16.352	49.379
880	57.564	66.994
881	169.463	71.670
882	30.671	173.449
883	135.704	27.454
884	65.749	162.853
885	77.706	88.375
886	169.475	150.462
887	143.956	26.258
888	74.477	93.924
889	94.797	160.149
890	123.380	166.259
891	108.542	163.012
892	173.504	66.707
893	173.858	109.574
894	178.509	100.784
895	174.761	46.339
896	3.296	160.601
897	74.416	65.151
898	128.312	36.952
899	104.050	161.498
900	199.567	194.244
901	163.140	58.889
902	80.624	39.534
903	137.254	80.447
904	162.792	16.999
905	139.634	49.019
906	189.709	159.062
907	182.928	97.073
908	152.739	25.318
909	87.216	167.608
910	113.236	60.738
911	130.607	87.307
912	108.029	104.135
913	48.695	193.237
914	194.391	78.353
915	89.084	194.287
916	190.643	193.316
917	127.183	48.647
918	168.822	93.185
919	149.699	138.530
920	55.440	79.012
921	111.826	123.411
922	196.759	37.892
923	74.618	153.063
924	44.728	10.120
925	28.614	21.564
926	19.947	25.434
927	110.111	143.614
928	107.755	139.659
929	16.175	134.300
930	43.788	102.982
931	124.845	73.727
932	45.271	191.162
933	126.530	37.574
934	144.267	30.805
935	73.135	174.963
936	79.049	150.114
937	50.874	114.805
938	0.043	86.203
939	183.270	182.000
940	146.391	180.352
941	170.391	4.511
942	149.486	92.386
943	70.754	192.853
944	119.712	165.447
945	131.986	72.964
946	172.662	72.396
947	176.611	153.978
948	151.018	75.137
949	149.120	111.856
950	198.407	128.025
951	130.662	170.458
952	141.472	156.731
953	27.534	60.952
954	136.344	143.687
955	39.784	41.151
956	135.905	151.482
957	116.092	155.742
958	33.912	115.348
959	101.248	18.848
960	42.372	136.052
961	182.501	100.095
962	158.397	104.434
963	140.922	195.422
964	76.656	188.855
965	14.130	63.930
966	3.949	16.730
967	76.614	111.985
968	131.816	81.515
969	143.809	105.850
970	23.670	6.287
971	106.333	194.061
972	72.695	195.251
973	100.534	20.820
974	86.569	104.331
975	21.564	11.707
976	155.492	62.252
977	185.345	12.812
978	59.627	73.159
979	45.552	164.727
980	172.259	132.163
981	172.027	192.468
982	114.866	85.061
983	196.600	192.761
984	120.444	163.402
985	132.939	99.734
986	161.296	26.209
987	176.318	110.483
988	197.430	39.619
989	189.789	51.552
990	2.026	25.593
991	182.928	167.760
992	120.048	11.103
993	189.392	114.493
994	16.266	8.893
995	49.544	34.779
996	169.115	161.162
997	104.471	102.408
998	166.338	77.389
999	107.456	12.232
1000	158.977	97.543
1001	159.435	199.109
1002	129.728	111.905
1003	174.395	66.457
1004	132.035	68.838
1005	81.161	5.994
1006	156.133	1.654
1007	67.806	89.590
1008	178.271	105.893
1009	74.770	14.740
1010	49.440	98.209
1011	43.178	184.747
1012	179.766	188.214
1013	124.418	104.929
1014	74.831	94.363
1015	157.286	176.135
1016	80.270	35.359
1017	19.044	66.701
1018	190.747	128.056
1019	156.468	144.255
1020	79.690	123.368
1021	103.226	148.454
1022	5.945	111.264
1023	89.920	186.047
1024	153.655	126.157
1025	152.867	29.432
1026	61.550	83.932
1027	47.987	0.006
1028	98.019	181.915
1029	176.049	17.457
1030	38.050	192.865
1031	25.428	96.408
1032	98.428	184.515
1033	138.780	71.523
1034	87.356	95.614
1035	109.702	32.398
1036	24.805	99.948
1037	15.790	49.477
1038	89.810	189.441
1039	194.244	72.201
1040	50.929	107.688
1041	166.301	180.694
1042	36.232	65.133
1043	16.755	72.231
1044	198.932	167.113
1045	34.809	163.689
1046	134.959	186.023
1047	122.489	191.284
1048	8.820	8.924
1049	176.885	88.809
1050	43.837	191.791
1051	152.507	25.672
1052	133.073	151.555
1053	9.919	185.894
1054	27.302	27.424
1055	56.990	169.402
1056	56.093	142.528
1057	88.949	196.887
1058	38.386	97.134
1059	33.509	199.310
1060	138.780	24.921
1061	107.389	173.547
1062	125.748	43.220
1063	190.301	85.208
1064	188.061	28.761
1065	22.858	100.058
1066	165.697	150.011
1067	134.538	25.092
1068	151.408	87.405
1069	107.932	140.739
1070	119.254	172.753
1071	85.641	105.240
1072	136.375	178.967
1073	125.938	112.626
1074	14.148	191.510
1075	113.541	185.394
1076	155.132	92.697
1077	31.721	183.209
1078	51.875	90.103
1079	101.962	8.905
1080	194.006	20.435
1081	197.461	193.017
1082	39.705	59.987
1083	36.695	137.938
1084	7.971	172.997
1085	163.390	3.320
1086	147.740	129.160
1087	18.909	113.547
1088	40.254	21.540
1089	113.645	68.789
1090	190.918	116.080
1091	3.375	40.876
1092	66.774	164.037
1093	77.004	35.102
1094	36.048	8.551
1095	61.824	199.347
1096	165.758	16.614
1097	52.681	161.669
1098	133.885	167.669
1099	171.160	77.737
1100	12.207	130.045
1101	61.104	169.213
1102	176.098	156.676
1103	126.768	34.407
1104	97.476	131.053
1105	119.700	112.491
1106	77.322	194.916
1107	180.810	182.427
1108	73.769	88.784
1109	143.675	77.932
1110	82.229	36.695
1111	5.481	99.722
1112	23.695	106.223
1113	171.789	106.259
1114	197.504	75.240
1115	181.317	164.257
1116	54.781	136.534
1117	117.148	140.202
1118	148.900	71.548
1119	10.431	114.170
1120	19.025	24.531
1121	42.976	197.107
1122	63.271	108.335
1123	54.860	32.929
1124	157.408	173.064
1125	163.414	166.607
1126	75.613	168.926
1127	199.780	159.514
1128	69.417	34.407
1129	169.274	33.296
1130	61.068	141.154
1131	41.829	123.533
1132	7.617	26.685
1133	78.823	124.363
1134	91.977	46.290
1135	2.380	5.408
1136	97.140	75.277
1137	13.605	182.250
1138	19.898	92.917
1139	165.819	21.540
1140	80.233	179.223
1141	99.173	62.319
1142	182.659	155.870
1143	42.811	34.419
1144	185.797	2.594
1145	90.884	55.507
1146	36.354	80.111
1147	58.614	87.832
1148	123.887	90.988
1149	124.705	35.981
1150	112.412	9.662
1151	166.338	166.979
1152	5.298	112.833
1153	192.962	33.784
1154	99.600	141.490
1155	185.223	183.660
1156	186.053	125.852
1157	145.134	32.496
1158	51.070	104.422
1159	63.924	186.419
1160	36.927	68.459
1161	13.636	191.906
1162	116.385	163.060
1163	68.825	195.685
1164	38.020	76.162
1165	64.608	95.633
1166	198.541	46.669
1167	97.262	63.955
1168	198.254	22.974
1169	173.675	23.835
1170	136.021	3.107
1171	115.842	160.942
1172	199.915	87.814
1173	126.737	50.819
1174	9.803	77.706
1175	123.716	83.706
1176	68.184	145.903
1177	45.772	167.718
1178	175.414	17.188
1179	40.864	191.864
1180	165.685	185.192
1181	139.586	30.116
1182	19.929	198.584
1183	121.378	167.681
1184	111.972	147.765
1185	179.614	130.784
1186	44.044	183.117
1187	91.720	1.276
1188	28.108	196.216
1189	100.674	197.229
1190	69.063	95.120
1191	14.026	0.757
1192	106.180	5.097
1193	126.798	14.435
1194	168.975	25.953
1195	74.404	27.393
1196	103.806	77.303
1197	21.961	72.494
1198	127.427	62.905
1199	96.158	155.742
1200	163.701	85.470
1201	65.908	39.222
1202	19.819	143.065
1203	178.137	158.824
1204	158.202	38.398
1205	154.881	57.894
1206	120.310	132.286
1207	57.961	18.287
1208	158.769	72.457
1209	27.461	69.820
1210	133.818	129.051
1211	0.336	59.554
1212	30.555	67.971
1213	15.302	162.059
1214	153.099	193.396
1215	10.321	111.972
1216	151.927	90.652
1217	118.937	140.049
1218	140.745	100.790
1219	171.630	93.979
1220	58.968	57.985
1221	8.551	125.254
1222	136.241	121.097
1223	109.854	23.249
1224	15.058	30.653
1225	149.767	177.862
1226	187.976	22.425
1227	180.834	51.869
1228	105.362	128.928
1229	54.415	144.383
1230	10.273	100.058
1231	183.850	126.469
1232	56.380	74.087
1233	56.331	130.357
1234	165.453	30.360
1235	199.976	73.391
1236	180.480	154.814
1237	12.122	197.992
1238	170.812	149.687
1239	155.309	108.860
1240	45.424	18.592
1241	126.969	88.791
1242	130.705	158.275
1243	109.287	174.114
1244	68.899	88.156
1245	105.368	171.264
1246	93.539	49.159
1247	67.946	95.560
1248	38.050	2.826
1249	26.960	13.532
1250	133.836	62.099
1251	122.208	169.970
1252	154.027	84.994
1253	147.288	181.030
1254	159.233	62.435
1255	111.173	174.590
1256	1.465	31.452
1257	23.560	59.108
1258	42.524	145.042
1259	10.370	2.307
1260	43.086	29.872
1261	165.477	100.760
1262	78.726	63.216
1263	45.088	121.842
1264	39.180	100.162
1265	10.956	99.191
1266	167.046	82.571
1267	128.617	62.856
1268	192.151	60.872
1269	26.978	85.556
1270	117.954	59.981
1271	25.526	126.133
1272	16.047	120.646
1273	135.307	51.570
1274	85.214	147.435
1275	39.985	118.735
1276	131.101	94.571
1277	63.301	97.177
1278	122.910	120.975
1279	29.005	114.151
1280	183.251	45.625
1281	19.697	3.192
1282	67.458	134.611
1283	140.733	37.452
1284	88.656	151.067
1285	95.395	28.999
1286	144.682	99.203
1287	77.737	75.472
1288	3.278	193.835
1289	189.203	135.160
1290	101.779	86.386
1291	85.293	111.917
1292	17.365	78.970
1293	58.663	31.068
1294	64.418	157.451
1295	64.657	187.573
1296	174.993	175.018
1297	95.810	47.670
1298	118.741	17.280
1299	11.335	185.418
1300	18.598	80.410
1301	27.961	35.047
1302	18.366	93.246
1303	178.393	140.812
1304	58.528	14.930
1305	143.498	85.116
1306	16.486	39.100
1307	164.702	176.635
1308	167.559	36.042
1309	42.616	79.257
1310	22.840	63.906
1311	128.269	63.442
1312	100.394	80.361
1313	113.169	60.988
1314	85.763	85.910
1315	124.461	4.633
1316	138.267	30.024
1317	131.388	33.631
1318	199.231	111.496
1319	169.329	46.608
1320	58.400	4.108
1321	187.695	182.946
1322	34.864	39.033
1323	27.863	113.901
1324	28.590	75.033
1325	137.486	124.778
1326	199.005	87.844
1327	127.311	69.350
1328	26.698	9.967
1329	176.897	177.764
1330	14.679	52.065
1331	195.392	199.274
1332	185.217	37.257
1333	143.596	60.927
1334	28.706	179.577
1335	23.646	123.588
1336	60.762	37.782
1337	142.552	16.376
1338	43.672	75.875
1339	155.699	130.998
1340	28.651	161.412
1341	96.829	156.957
1342	74.978	33.033
1343	100.497	139.140
1344	2.387	68.380
1345	23.371	38.862
1346	32.881	183.581
1347	70.656	79.714
1348	78.237	195.715
1349	33.778	59.371
1350	129.521	79.373
1351	45.698	108.707
1352	104.721	48.616
1353	60.060	79.427
1354	10.926	95.566
1355	160.350	41.456
1356	177.154	116.904
1357	105.466	71.334
1358	14.106	59.481
1359	17.811	12.885
1360	57.204	16.370
1361	20.234	191.418
1362	149.010	104.508
1363	128.050	162.627
1364	117.392	55.239
1365	2.374	77.639
1366	5.603	149.028
1367	71.078	145.177
1368	10.633	25.526
1369	23.481	172.320
1370	185.907	0.311
1371	185.241	65.041
1372	64.779	19.489
1373	179.461	69.723
1374	60.964	83.444
1375	180.468	36.940
1376	2.124	70.992
1377	166.344	88.772
1378	52.956	195.184
1379	76.595	170.904
1380	183.972	21.943
1381	81.088	70.669
1382	42.189	82.919
1383	66.628	182.458
1384	180.120	13.678
1385	147.313	1.550
1386	99.112	48.561
1387	105.014	27.790
1388	63.442	3.400
1389	166.118	60.183
1390	141.380	177.429
1391	20.930	163.884
1392	29.389	105.533
1393	91.836	90.573
1394	115.867	192.175
1395	156.578	33.686
1396	140.519	158.184
1397	132.841	99.637
1398	105.710	131.693
1399	130.442	176.275
1400	196.039	114.499
1401	177.313	179.882
1402	162.322	55.007
1403	125.584	161.974
1404	126.328	59.114
1405	144.011	57.021
1406	62.429	170.202
1407	102.933	152.556
1408	112.485	49.538
1409	58.089	62.673
1410	190.136	188.311
1411	139.531	86.392
1412	30.836	182.556
1413	51.833	131.980
1414	143.883	102.219
1415	91.867	88.571
1416	22.492	85.635
1417	90.469	26.283
1418	68.545	190.600
1419	184.118	106.107
1420	187.854	33.357
1421	22.956	180.792
1422	112.455	46.767
1423	121.433	168.047
1424	6.146	88.791
1425	157.726	177.203
1426	9.387	32.649
1427	128.245	70.656
1428	79.983	69.912
1429	163.500	41.377
1430	185.656	157.646
1431	111.502	87.582
1432	4.852	141.014
1433	95.053	166.021
1434	192.065	182.531
1435	149.016	104.978
1436	163.695	29.109
1437	144.011	58.296
1438	61.025	148.393
1439	102.664	181.689
1440	46.364	65.334
1441	114.621	112.516
1442	188.543	130.534
1443	156.737	134.391
1444	94.247	51.363
1445	24.519	7.758
1446	141.234	17.341
1447	81.191	147.758
1448	69.735	150.804
1449	30.549	130.576
1450	188.385	114.249
1451	19.929	9.607
1452	150.768	5.597
1453	79.495	22.596
1454	158.983	172.582
1455	4.083	171.075
1456	150.371	77.468
1457	83.908	53.236
1458	23.725	43.513
1459	190.307	31.733
1460	61.184	14.258
1461	22.852	117.307
1462	2.075	156.963
1463	24.030	49.806
1464	124.992	41.408
1465	167.724	157.695
1466	194.281	25.452
1467	127.781	77.273
1468	27.253	178.314
1469	32.972	113.004
1470	138.395	173.095
1471	114.426	120.035
1472	16.651	79.727
1473	51.961	90.249
1474	92.331	89.431
1475	125.480	123.099
1476	149.583	102.213
1477	177.679	162.462
1478	40.883	8.368
1479	94.363	180.706
1480	59.731	195.514
1481	8.557	191.369
1482	27.760	112.094
1483	134.721	171.496
1484	52.583	18.958
1485	39.253	75.069
1486	12.592	159.948
1487	53.652	18.665
1488	124.949	82.894
1489	36.402	20.655
1490	53.005	142.351
1491	190.039	175.134
1492	109.500	115.061
1493	139.439	41.884
1494	11.621	159.722
1495	177.795	133.659
1496	144.328	52.016
1497	86.331	81.851
1498	188.104	126.365
1499	34.156	162.059
1500	67.415	55.531
1501	164.409	160.601
1502	76.162	99.387
1503	172.991	63.301
1504	136.241	154.027
1505	86.123	147.832
1506	45.637	32.588
1507	143.016	160.729
1508	72.237	108.921
1509	189.819	160.533
1510	149.486	155.388
1511	91.153	108.127
1512	30.378	106.095
1513	165.526	185.626
1514	55.812	176.720
1515	150.749	124.979
1516	93.686	72.262
1517	105.747	127.647
1518	104.935	113.932
1519	154.900	56.532
1520	92.770	16.401
1521	81.234	81.393
1522	91.379	146.721
1523	74.697	59.035
1524	150.334	196.136
1525	41.755	29.560
1526	170.934	96.005
1527	182.550	109.830
1528	150.755	109.153
1529	41.896	165.441
1530	92.673	127.842
1531	140.410	142.534
1532	134.568	109.622
1533	191.839	40.529
1534	155.986	82.345
1535	13.105	7.196
1536	18.012	49.568
1537	133.122	137.217
1538	92.611	27.570
1539	6.616	55.470
1540	37.593	145.317
1541	39.442	66.427
1542	73.666	38.459
1543	131.315	150.725
1544	119.565	68.868
1545	142.454	190.295
1546	41.688	0.684
1547	190.289	103.250
1548	174.474	64.333
1549	182.495	69.790
1550	167.644	39.625
1551	92.587	130.381
1552	116.727	89.309
1553	184.405	137.413
1554	32.978	174.218
1555	91.556	141.667
1556	9.070	181.317
1557	158.330	194.800
1558	136.650	195.892
1559	148.064	49.025
1560	132.163	49.153
1561	125.443	135.429
1562	127.134	172.460
1563	18.793	101.901
1564	179.089	89.389
1565	68.770	92.251
1566	159.496	177.050
1567	69.558	47.420
1568	174.877	27.674
1569	8.966	10.346
1570	177.380	41.969
1571	13.550	115.537
1572	121.055	185.229
1573	5.084	44.600
1574	120.078	137.675
1575	174.627	29.200
1576	165.178	170.177
1577	80.361	182.336
1578	54.524	176.598
1579	75.594	39.521
1580	95.328	194.012
1581	72.994	90.951
1582	32.362	42.103
1583	151.494	185.907
1584	159.709	12.952
1585	11.939	190.661
1586	71.950	42.409
1587	187.884	181.219
1588	11.097	94.418
1589	17.664	152.037
1590	65.407	189.453
1591	84.103	121.958
1592	176.452	8.344
1593	127.970	18.751
1594	10.627	102.792
1595	141.588	23.371
1596	51.375	43.666
1597	48.726	155.217
1598	168.334	138.572
1599	77.108	179.675
1600	19.703	49.684
1601	29.688	19.190
1602	144.090	143.364
1603	161.083	149.126
1604	98.001	102.487
1605	65.255	159.514
1606	95.346	33.100
1607	80.844	164.257
1608	105.106	196.338
1609	20.270	38.685
1610	63.460	197.009
1611	128.941	166.991
1612	156.652	160.106
1613	80.782	80.587
1614	30.732	126.450
1615	116.373	68.807
1616	84.610	198.669
1617	129.850	143.089
1618	102.438	68.886
1619	10.932	35.896
1620	181.817	59.285
1621	48.292	15.729
1622	13.849	106.766
1623	100.443	199.316
1624	71.499	23.054
1625	140.507	142.381
1626	162.297	61.428
1627	81.051	190.149
1628	101.822	121.293
1629	85.226	168.877
1630	164.147	21.992
1631	70.510	99.655
1632	65.395	176.928
1633	11.292	115.702
1634	136.888	99.313
1635	146.477	64.437
1636	43.831	70.919
1637	98.465	175.610
1638	106.125	4.828
1639	9.742	76.595
1640	177.245	33.680
1641	103.189	136.320
1642	137.645	54.500
1643	172.588	18.860
1644	158.824	161.461
1645	9.363	28.138
1646	194.397	197.729
1647	71.993	124.796
1648	54.311	157.762
1649	4.144	196.655
1650	118.577	71.212
1651	107.981	63.906
1652	46.602	99.741
1653	178.722	0.336
1654	138.621	77.920
1655	6.836	51.808
1656	105.203	29.615
1657	154.070	133.256
1658	101.273	90.933
1659	109.452	185.424
1660	180.816	171.087
1661	31.770	172.692
1662	28.565	182.403
1663	184.545	3.070
1664	124.845	170.714
1665	69.796	151.817
1666	199.902	177.416
1667	166.991	69.686
1668	133.927	164.354
1669	83.236	157.347
1670	159.050	32.923
1671	21.076	186.926
1672	119.486	68.532
1673	170.141	152.177
1674	46.199	41.664
1675	128.806	28.346
1676	2.234	96.902
1677	162.267	23.072
1678	54.982	61.025
1679	3.125	199.579
1680	131.718	101.578
1681	0.855	53.310
1682	14.502	166.979
1683	126.286	123.441
1684	30.854	139.610
1685	37.458	20.307
1686	96.359	132.987
1687	113.059	150.145
1688	65.456	64.351
1689	59.658	118.332
1690	46.699	133.897
1691	199.054	92.410
1692	38.746	141.881
1693	41.890	106.107
1694	143.242	74.862
1695	53.963	185.638
1696	110.929	92.386
1697	21.210	79.501
1698	77.279	145.238
1699	119.901	73.067
1700	43.684	156.615
1701	98.080	69.167
1702	160.759	197.479
1703	74.624	15.937
1704	169.720	187.231
1705	162.133	63.216
1706	58.284	151.073
1707	19.849	128.636
1708	87.283	165.252
1709	142.985	54.836
1710	44.148	21.418
1711	194.537	38.844
1712	79.714	141.441
1713	185.992	115.012
1714	184.368	173.760
1715	13.117	172.723
1716	59.969	2.722
1717	153.032	90.103
1718	43.703	2.039
1719	28.871	65.023
1720	40.138	63.588
1721	48.305	124.570
1722	117.728	32.887
1723	22.114	94.308
1724	126.011	82.492
1725	169.103	8.576
1726	189.807	54.457
1727	13.544	43.037
1728	36.549	103.269
1729	181.567	150.707
1730	13.160	70.357
1731	2.472	82.791
1732	148.497	121.537
1733	121.512	175.542
1734	117.899	78.561
1735	30.140	184.356
1736	65.828	176.098
1737	120.188	146.385
1738	143.034	75.301
1739	168.004	152.940
1740	114.353	65.340
1741	55.049	12.885
1742	93.527	83.987
1743	30.970	88.308
1744	161.187	88.675
1745	125.559	83.706
1746	122.300	9.119
1747	15.741	69.930
1748	159.325	12.903
1749	153.954	124.168
1750	37.294	115.165
1751	64.040	67.147
1752	17.151	63.656
1753	11.017	78.909
1754	133.488	130.497
1755	150.920	74.319
1756	192.993	141.765
1757	166.906	19.562
1758	149.901	176.275
1759	98.044	70.992
1760	14.600	64.693
1761	166.863	117.380
1762	151.689	120.365
1763	111.966	7.044
1764	123.753	32.942
1765	32.044	40.907
1766	137.107	156.249
1767	47.401	12.860
1768	45.717	121.451
1769	185.321	178.643
1770	169.591	6.922
1771	195.526	34.455
1772	83.840	196.002
1773	101.975	86.666
1774	34.754	153.813
1775	197.229	93.674
1776	139.030	54.616
1777	85.586	161.351
1778	22.449	90.658
1779	81.423	173.290
1780	54.317	193.994
1781	168.737	136.955
1782	33.778	2.435
1783	28.327	127.219
1784	84.384	0.885
1785	138.823	8.313
1786	13.117	69.289
1787	57.717	15.644
1788	90.078	168.517
1789	88.827	178.515
1790	105.173	195.373
1791	42.232	65.188
1792	57.961	137.980
1793	93.118	31.483
1794	136.998	162.822
1795	45.650	54.048
1796	144.835	164.666
1797	8.203	129.728
1798	25.019	10.620
1799	186.163	122.172
1800	47.267	9.632
1801	198.541	36.934
1802	107.089	38.527
1803	24.665	6.397
1804	96.133	56.050
1805	187.280	165.642
1806	199.481	35.963
1807	78.042	100.632
1808	76.131	50.581
1809	32.081	49.898
1810	178.961	135.936
1811	57.424	140.989
1812	170.348	69.808
1813	25.892	42.915
1814	89.785	93.936
1815	31.501	115.940
1816	29.725	111.606
1817	122.715	39.735
1818	175.768	191.852
1819	114.780	1.489
1820	167.675	111.582
1821	88.382	24.873
1822	37.257	166.845
1823	80.874	121.342
1824	79.531	184.466
1825	176.354	44.966
1826	113.236	165.319
1827	100.790	131.999
1828	87.143	90.524
1829	128.501	6.452
1830	88.284	121.763
1831	6.189	32.978
1832	108.371	126.969
1833	100.864	98.221
1834	24.671	162.688
1835	77.712	1.953
1836	151.622	44.325
1837	114.463	39.253
1838	19.337	35.524
1839	158.202	54.897
1840	135.392	187.915
1841	31.062	151.305
1842	185.968	162.548
1843	91.018	131.236
1844	32.783	64.174
1845	53.951	56.514
1846	161.968	119.736
1847	83.334	4.010
1848	141.063	132.139
1849	153.728	0.128
1850	140.574	140.751
1851	194.378	15.064
1852	76.150	19.776
1853	19.080	198.108
1854	27.796	45.766
1855	148.735	35.145
1856	92.196	165.471
1857	132.585	9.778
1858	124.540	195.434
1859	74.648	49.092
1860	126.066	84.359
1861	171.447	135.539
1862	133.543	69.741
1863	167.260	166.002
1864	166.918	59.780
1865	133.311	39.454
1866	91.482	71.975
1867	76.919	54.341
1868	150.694	59.658
1869	187.060	196.973
1870	25.971	157.573
1871	22.456	2.167
1872	179.687	77.932
1873	48.543	167.516
1874	137.602	88.052
1875	29.463	2.228
1876	67.037	100.931
1877	81.411	92.196
1878	106.961	109.922
1879	93.576	62.148
1880	6.287	98.813
1881	122.868	16.443
1882	126.670	58.571
1883	68.758	139.567
1884	165.923	41.945
1885	34.449	37.654
1886	58.437	87.210
1887	80.581	102.310
1888	8.844	142.332
1889	177.825	77.877
1890	115.049	20.728
1891	64.492	113.547
1892	136.998	119.993
1893	15.552	81.429
1894	67.428	134.648
1895	29.127	41.926
1896	60.799	94.400
1897	36.897	37.587
1898	176.659	158.983
1899	44.551	96.756
1900	93.747	100.870
1901	8.570	28.224
1902	51.021	107.187
1903	155.583	88.156
1904	171.917	31.959
1905	150.548	100.485
1906	28.016	130.045
1907	20.026	112.186
1908	198.492	3.894
1909	36.799	164.415
1910	81.399	194.562
1911	72.005	61.043
1912	113.297	147.960
1913	21.155	115.635
1914	53.212	187.902
1915	10.205	158.196
1916	87.356	26.905
1917	187.994	182.989
1918	10.810	46.260
1919	11.176	118.540
1920	42.372	76.363
1921	28.083	101.212
1922	128.904	108.805
1923	67.592	133.555
1924	95.315	71.249
1925	39.351	108.585
1926	96.585	96.548
1927	51.564	81.466
1928	127.903	17.158
1929	52.638	169.573
1930	49.342	116.276
1931	102.884	162.407
1932	81.167	66.787
1933	82.528	22.486
1934	26.124	89.444
1935	142.338	158.550
1936	174.969	61.336
1937	103.073	52.174
1938	151.353	6.085
1939	109.977	119.297
1940	52.528	96.902
1941	148.637	187.628
1942	141.935	3.735
1943	128.391	71.401
1944	49.977	115.909
1945	139.604	24.647
1946	139.329	71.303
1947	190.985	154.161
1948	190.857	123.490
1949	33.229	173.547
1950	66.561	177.996
1951	175.292	179.528
1952	105.673	28.907
1953	99.387	31.739
1954	110.251	27.223
1955	181.213	17.316
1956	76.424	111.966
1957	121.342	181.463
1958	127.653	35.524
1959	194.330	5.316
1960	6.122	114.383
1961	121.549	12.354
1962	178.680	136.436
1963	74.172	184.484
1964	113.346	156.249
1965	12.427	169.207
1966	182.934	9.418
1967	67.495	159.062
1968	151.732	77.383
1969	172.155	24.531
1970	101.743	133.781
1971	46.577	181.768
1972	154.558	3.778
1973	145.421	176.275
1974	45.198	67.531
1975	72.481	63.930
1976	104.215	138.987
1977	69.228	170.446
1978	104.166	151.366
1979	83.352	110.654
1980	126.811	180.529
1981	23.682	48.781
1982	107.327	37.483
1983	107.682	80.984
1984	11.628	161.290
1985	107.749	121.415
1986	103.226	43.568
1987	2.606	173.046
1988	55.708	115.958
1989	40.046	164.507
1990	167.278	131.657
1991	117.197	34.193
1992	33.357	172.399
1993	84.646	42.903
1994	133.799	112.040
1995	80.685	196.203
1996	90.677	68.062
1997	101.804	157.836
1998	53.072	72.195
1999	115.818	135.392
End the user

Start the original macrocell
End the original macrocell
