region_length = 200
region_width = 200
num_candicate_point = 200
num_user = 2000
num_original_macrocell = 0

Start the candicate point
0	29.261	13.874
1	37.935	153.844
2	176.550	93.179
3	1.019	168.212
4	102.597	167.284
5	142.650	89.468
6	186.798	111.838
7	94.516	146.397
8	70.974	116.636
9	41.261	23.096
10	88.888	122.355
11	35.200	39.662
12	149.113	96.713
13	192.761	87.942
14	152.739	106.436
15	103.757	128.648
16	127.128	41.035
17	84.860	156.011
18	156.853	144.926
19	8.411	36.293
20	93.222	13.898
21	137.919	126.377
22	123.533	12.354
23	101.382	78.634
24	181.335	167.443
25	33.845	138.475
26	79.000	96.451
27	20.252	140.587
28	143.767	23.627
29	70.003	110.379
30	38.563	42.689
31	154.381	76.693
32	148.869	81.320
33	138.108	2.081
34	16.779	123.814
35	136.326	36.958
36	3.687	148.271
37	128.153	3.778
38	62.612	134.367
39	158.232	117.594
40	1.630	198.193
41	157.299	49.141
42	119.553	10.218
43	113.248	136.802
44	195.105	152.770
45	23.774	53.603
46	110.837	173.125
47	161.937	135.575
48	93.173	188.684
49	85.824	77.651
50	49.550	0.208
51	123.667	3.449
52	184.240	169.652
53	165.551	15.082
54	173.809	18.543
55	93.027	29.322
56	83.676	3.467
57	77.871	6.317
58	106.900	24.647
59	81.234	177.197
60	106.485	124.021
61	184.411	176.659
62	42.457	129.032
63	82.534	86.984
64	64.968	98.325
65	172.393	99.564
66	154.619	125.724
67	165.618	0.275
68	91.366	158.562
69	58.559	184.960
70	33.143	186.816
71	190.014	11.145
72	85.519	59.096
73	18.085	192.492
74	143.620	81.961
75	147.502	41.896
76	187.542	58.535
77	38.466	69.820
78	112.583	122.953
79	128.526	143.864
80	75.442	26.710
81	198.444	115.915
82	37.696	33.210
83	113.584	123.191
84	87.814	76.772
85	171.874	69.295
86	22.895	142.344
87	189.654	91.629
88	171.477	122.172
89	156.694	121.360
90	138.548	105.655
91	191.589	142.277
92	54.134	158.702
93	28.773	54.628
94	6.598	148.698
95	168.505	150.395
96	42.018	71.541
97	120.859	106.052
98	10.749	36.793
99	75.234	99.191
100	42.579	167.302
101	26.441	155.266
102	131.596	169.567
103	88.687	130.576
104	12.098	31.001
105	28.706	37.904
106	6.775	0.458
107	149.278	120.957
108	28.382	108.158
109	154.405	183.868
110	16.169	181.317
111	127.335	182.031
112	188.391	11.774
113	52.779	180.566
114	191.998	31.825
115	14.484	86.532
116	130.906	154.411
117	99.460	61.269
118	154.015	134.147
119	140.092	19.062
120	184.198	105.185
121	125.382	118.351
122	69.649	52.370
123	12.622	51.827
124	138.658	71.798
125	170.678	41.554
126	39.186	177.093
127	186.120	145.445
128	44.478	107.614
129	63.588	181.310
130	105.893	94.919
131	151.506	74.715
132	34.284	43.623
133	24.378	136.973
134	91.171	83.010
135	53.084	79.397
136	170.824	145.537
137	94.235	70.162
138	54.744	128.617
139	29.914	40.004
140	119.584	95.773
141	189.166	142.991
142	179.809	73.586
143	182.202	178.588
144	46.467	100.510
145	178.924	81.368
146	83.151	83.932
147	162.706	84.487
148	140.471	121.708
149	190.893	63.277
150	150.346	44.331
151	193.164	65.145
152	161.290	34.150
153	139.018	132.066
154	95.907	77.682
155	105.698	21.876
156	12.012	107.468
157	77.688	134.703
158	148.430	189.599
159	9.192	50.642
160	136.796	13.166
161	180.663	185.101
162	60.732	37.983
163	180.755	167.858
164	143.443	156.676
165	144.951	52.339
166	145.073	27.540
167	182.043	161.126
168	51.143	134.349
169	19.745	74.020
170	133.226	129.307
171	0.745	165.062
172	163.091	115.531
173	60.329	194.476
174	61.696	25.172
175	16.950	162.059
176	164.135	149.553
177	6.940	128.092
178	181.860	177.435
179	194.568	8.069
180	43.446	197.803
181	188.751	47.578
182	95.108	23.304
183	97.702	183.392
184	42.195	90.713
185	52.681	197.259
186	113.022	94.479
187	132.115	68.435
188	26.160	9.839
189	117.399	31.336
190	42.512	61.611
191	11.573	144.517
192	83.419	94.858
193	152.159	77.187
194	195.990	103.891
195	49.306	119.639
196	146.995	175.597
197	180.737	123.643
198	26.496	3.552
199	74.374	179.272
End the candicate point

Start the user
0	42.506	29.078
1	110.331	134.245
2	187.909	165.435
3	173.089	162.127
4	160.857	161.559
5	185.473	85.574
6	20.032	161.461
7	55.416	60.952
8	155.834	115.543
9	66.927	130.497
10	58.827	0.208
11	46.400	48.299
12	66.805	101.828
13	135.600	86.435
14	171.508	121.458
15	102.536	27.314
16	66.384	156.517
17	21.442	48.701
18	116.703	115.653
19	53.206	107.517
20	33.039	23.066
21	157.378	128.721
22	129.661	168.517
23	67.080	5.560
24	148.808	159.319
25	158.147	117.350
26	132.353	30.512
27	143.504	171.075
28	121.897	69.521
29	24.299	73.128
30	168.657	111.435
31	28.913	37.349
32	34.376	161.364
33	171.050	35.603
34	64.504	99.881
35	158.275	197.229
36	14.838	128.007
37	82.174	63.564
38	113.034	107.834
39	21.418	103.787
40	136.021	55.129
41	188.952	198.352
42	184.765	140.165
43	154.534	96.194
44	137.498	52.931
45	174.035	152.129
46	62.728	89.163
47	156.493	150.438
48	173.302	13.190
49	100.394	121.165
50	2.643	54.097
51	130.314	155.138
52	184.619	91.275
53	165.203	124.125
54	118.064	185.711
55	149.547	112.314
56	97.415	113.193
57	78.713	65.340
58	190.533	55.757
59	149.663	63.173
60	45.100	107.596
61	68.239	123.081
62	104.752	151.573
63	44.496	138.890
64	16.199	162.847
65	106.998	62.856
66	108.713	95.541
67	67.629	136.375
68	126.994	9.015
69	168.017	75.698
70	98.892	189.691
71	138.798	19.080
72	119.156	124.949
73	103.085	141.417
74	130.369	85.171
75	55.293	142.766
76	82.461	170.263
77	146.629	116.904
78	151.994	176.830
79	108.402	6.262
80	2.393	142.387
81	44.606	149.406
82	166.558	122.703
83	124.754	127.317
84	132.835	58.614
85	8.448	14.814
86	15.925	88.577
87	132.786	43.275
88	193.689	163.115
89	93.942	180.932
90	191.235	117.515
91	54.109	36.958
92	193.573	58.956
93	5.127	195.758
94	67.983	24.360
95	19.935	187.396
96	77.438	165.160
97	123.240	0.775
98	166.253	15.308
99	112.485	145.585
100	199.268	98.721
101	160.576	169.256
102	35.817	32.417
103	131.370	35.340
104	19.684	181.640
105	39.412	69.466
106	166.344	23.133
107	185.022	79.025
108	28.663	72.945
109	195.953	153.044
110	122.495	134.837
111	107.089	148.326
112	93.130	125.742
113	109.153	168.200
114	104.135	34.352
115	97.861	40.065
116	29.646	69.222
117	54.701	98.050
118	131.462	152.519
119	190.643	76.968
120	2.081	15.729
121	83.895	23.878
122	55.153	53.658
123	143.181	33.448
124	144.249	192.749
125	27.534	113.419
126	191.559	130.186
127	154.076	186.383
128	7.526	199.963
129	124.857	134.135
130	182.806	22.071
131	4.169	90.878
132	33.607	191.272
133	77.419	91.488
134	82.003	161.412
135	22.962	81.094
136	52.065	181.848
137	128.019	192.267
138	63.387	41.939
139	80.020	95.993
140	3.052	80.129
141	164.592	132.804
142	157.439	13.581
143	1.379	30.122
144	84.945	44.893
145	49.116	112.302
146	11.084	1.947
147	10.950	9.400
148	127.018	167.248
149	171.545	171.105
150	72.860	152.910
151	196.936	191.913
152	187.066	77.682
153	28.663	53.963
154	2.997	2.094
155	3.198	93.655
156	174.090	78.109
157	28.047	198.346
158	108.670	169.445
159	145.738	39.363
160	95.938	198.877
161	116.935	47.676
162	4.083	178.722
163	154.009	138.267
164	131.986	180.798
165	36.140	89.669
166	95.663	2.051
167	137.413	184.851
168	130.754	182.202
169	198.975	19.568
170	92.209	129.484
171	176.641	84.689
172	132.585	10.950
173	195.123	28.449
174	140.025	163.451
175	140.110	5.176
176	117.307	81.484
177	119.578	16.480
178	183.123	138.371
179	125.370	51.338
180	176.891	96.817
181	126.542	131.236
182	148.332	165.154
183	125.498	66.610
184	113.065	55.605
185	8.319	30.940
186	155.473	0.708
187	120.499	158.592
188	60.042	184.185
189	199.243	72.787
190	152.538	142.521
191	193.744	149.870
192	132.115	193.554
193	4.541	26.185
194	175.793	48.140
195	73.330	153.764
196	96.341	61.440
197	54.311	111.069
198	34.993	79.745
199	98.538	75.124
200	70.186	139.354
201	182.354	161.162
202	23.505	173.644
203	11.194	36.122
204	44.203	184.564
205	130.119	112.253
206	53.462	34.834
207	172.106	127.006
208	29.664	117.154
209	75.607	15.503
210	15.931	56.514
211	2.429	81.899
212	31.214	102.072
213	187.280	175.713
214	166.076	164.635
215	50.148	79.586
216	44.551	156.151
217	2.942	14.576
218	133.280	187.396
219	81.399	69.277
220	79.073	80.105
221	33.692	59.017
222	156.346	149.815
223	196.930	21.400
224	5.512	115.622
225	192.773	54.421
226	143.638	93.234
227	173.473	103.385
228	28.626	127.354
229	49.513	2.942
230	158.208	19.868
231	30.177	180.438
232	184.838	109.946
233	108.243	126.792
234	127.995	162.322
235	20.020	41.310
236	64.876	20.087
237	112.162	156.481
238	180.956	178.130
239	46.187	149.120
240	161.467	133.543
241	172.295	144.145
242	5.231	69.277
243	103.476	117.093
244	41.951	127.171
245	121.335	1.801
246	34.291	26.746
247	144.731	109.354
248	145.976	85.946
249	92.618	164.641
250	57.118	0.037
251	172.240	166.723
252	8.118	35.023
253	123.978	179.302
254	53.316	191.705
255	154.118	57.479
256	105.582	196.747
257	186.682	17.145
258	53.310	76.882
259	165.746	53.151
260	130.802	172.668
261	39.314	112.564
262	23.493	147.819
263	156.157	29.292
264	89.151	50.606
265	106.711	126.231
266	176.366	183.404
267	139.451	91.269
268	21.546	36.677
269	183.837	33.387
270	105.698	43.715
271	11.188	125.040
272	152.171	12.293
273	164.702	137.156
274	146.715	189.538
275	189.819	72.933
276	61.049	16.230
277	196.289	6.763
278	161.199	126.878
279	83.059	134.434
280	81.784	51.637
281	57.411	140.898
282	147.697	176.537
283	179.333	91.946
284	124.149	18.067
285	162.682	155.907
286	76.638	168.590
287	164.141	161.620
288	121.781	168.542
289	191.363	99.130
290	150.529	61.977
291	61.489	169.073
292	104.819	91.519
293	141.307	87.191
294	89.059	88.980
295	0.299	50.215
296	97.574	17.988
297	7.843	69.240
298	39.320	24.781
299	5.799	77.017
300	41.169	53.468
301	87.710	115.250
302	110.904	182.000
303	15.937	8.277
304	141.227	135.051
305	107.920	29.304
306	136.088	130.192
307	122.794	165.441
308	40.468	113.413
309	179.711	87.875
310	54.982	140.422
311	38.972	33.332
312	16.437	159.868
313	177.410	103.110
314	125.712	154.772
315	189.019	185.974
316	4.108	98.392
317	142.375	11.084
318	159.526	80.862
319	25.819	137.339
320	43.556	62.661
321	111.887	185.144
322	180.987	11.408
323	172.033	117.167
324	152.629	78.054
325	173.058	74.099
326	113.120	168.749
327	186.438	171.722
328	24.567	168.731
329	141.722	165.593
330	87.570	174.352
331	155.406	189.569
332	150.707	189.611
333	66.366	74.325
334	179.772	43.355
335	109.268	52.351
336	168.090	183.447
337	157.024	155.364
338	169.054	104.129
339	63.729	110.630
340	32.154	62.844
341	139.183	42.396
342	123.862	42.763
343	86.288	184.576
344	14.386	17.273
345	32.679	111.045
346	11.872	72.634
347	187.622	89.798
348	124.949	45.131
349	155.638	67.122
350	135.166	28.901
351	37.996	88.150
352	160.375	10.736
353	153.343	59.938
354	190.387	188.079
355	108.695	63.454
356	176.183	26.417
357	52.150	120.548
358	153.862	12.513
359	38.392	22.321
360	184.588	159.465
361	138.420	125.053
362	191.821	19.984
363	24.586	119.932
364	77.096	64.229
365	62.386	82.888
366	195.502	178.185
367	39.998	10.779
368	172.216	139.128
369	167.095	150.096
370	141.313	24.238
371	73.959	124.516
372	188.073	8.667
373	42.280	167.589
374	76.022	109.305
375	198.846	66.665
376	40.083	130.497
377	103.311	124.467
378	126.878	168.023
379	61.470	144.456
380	63.625	127.421
381	195.056	146.281
382	136.778	13.111
383	199.493	17.566
384	61.666	44.429
385	20.789	8.289
386	124.430	154.863
387	182.818	73.940
388	177.441	130.741
389	196.161	173.803
390	169.500	145.671
391	180.004	130.540
392	192.077	146.837
393	128.007	157.384
394	122.764	49.599
395	149.687	59.127
396	47.298	196.478
397	118.339	13.196
398	141.295	36.866
399	56.960	137.077
400	193.048	83.731
401	93.204	148.259
402	48.573	103.415
403	114.798	123.112
404	160.155	195.032
405	156.597	60.720
406	119.681	115.421
407	50.459	58.132
408	157.982	106.186
409	169.384	3.143
410	91.433	178.826
411	196.899	190.954
412	97.092	114.408
413	153.197	170.812
414	197.565	133.879
415	9.125	29.109
416	36.903	95.358
417	119.327	14.966
418	28.828	174.657
419	5.707	114.652
420	58.339	85.171
421	122.666	81.124
422	18.226	193.603
423	135.087	124.882
424	161.492	187.494
425	140.574	172.350
426	151.109	51.064
427	167.016	98.178
428	188.269	5.481
429	176.812	37.519
430	100.357	169.811
431	108.982	184.753
432	170.049	198.901
433	190.435	184.637
434	186.535	54.549
435	47.584	122.440
436	100.369	166.070
437	49.690	19.056
438	163.036	136.515
439	14.972	37.477
440	132.536	50.966
441	110.965	106.845
442	26.246	142.930
443	80.215	170.305
444	2.301	75.228
445	22.639	162.993
446	50.710	191.589
447	65.743	126.298
448	75.533	195.178
449	154.021	164.727
450	49.281	10.346
451	88.717	51.595
452	20.850	83.853
453	49.245	189.795
454	58.254	81.704
455	127.482	133.866
456	107.291	38.063
457	106.192	179.724
458	47.560	112.284
459	12.915	28.083
460	126.951	10.401
461	80.374	28.126
462	55.898	27.381
463	44.893	7.318
464	142.674	166.271
465	13.855	193.976
466	150.902	90.530
467	33.644	38.502
468	60.665	165.923
469	189.154	39.863
470	14.283	147.972
471	166.204	183.233
472	28.193	171.490
473	108.145	95.328
474	152.013	198.230
475	97.775	123.533
476	56.203	179.028
477	95.969	45.082
478	129.441	86.630
479	68.154	12.635
480	67.013	75.515
481	129.954	42.335
482	31.489	124.839
483	43.159	50.789
484	166.924	20.911
485	93.484	147.063
486	147.783	35.365
487	81.002	186.016
488	143.925	155.199
489	54.946	89.261
490	82.815	21.137
491	123.710	139.879
492	190.313	30.366
493	171.618	157.274
494	91.116	159.996
495	13.514	158.306
496	50.362	167.486
497	18.555	11.042
498	37.379	124.247
499	134.312	87.332
500	192.999	138.731
501	142.558	20.405
502	181.646	25.178
503	77.981	173.907
504	9.412	174.395
505	40.986	128.361
506	189.441	182.617
507	135.887	191.644
508	35.755	94.937
509	165.764	39.351
510	166.948	19.404
511	15.198	91.647
512	0.781	168.023
513	152.196	132.566
514	121.158	81.002
515	180.377	178.259
516	98.508	90.506
517	72.945	100.198
518	45.015	179.980
519	19.489	9.833
520	85.842	95.535
521	116.904	110.733
522	27.583	65.523
523	35.719	24.567
524	5.292	184.521
525	93.106	97.232
526	189.215	18.030
527	63.686	91.220
528	132.585	84.188
529	159.618	170.623
530	41.664	168.596
531	110.898	184.936
532	149.321	128.636
533	177.483	157.958
534	73.305	143.541
535	24.140	188.006
536	140.648	66.317
537	89.584	65.712
538	159.227	33.973
539	180.889	15.656
540	17.908	192.114
541	124.589	68.068
542	196.442	90.298
543	5.707	66.842
544	166.314	4.328
545	25.831	20.179
546	163.994	141.746
547	111.679	0.000
548	117.551	186.767
549	105.222	96.469
550	8.155	140.928
551	66.774	33.845
552	47.499	115.708
553	122.153	153.905
554	152.574	33.326
555	185.290	173.168
556	98.856	91.995
557	187.420	20.264
558	33.393	151.878
559	144.237	159.581
560	128.782	98.019
561	92.105	107.462
562	59.468	136.460
563	24.744	147.331
564	81.576	79.781
565	61.501	149.773
566	197.479	178.436
567	178.503	104.056
568	186.346	153.911
569	134.007	67.147
570	182.086	190.204
571	119.102	136.595
572	179.626	139.683
573	165.044	153.496
574	151.109	99.698
575	38.496	141.746
576	153.044	16.089
577	55.940	189.947
578	105.692	69.955
579	148.405	182.049
580	26.014	103.830
581	7.880	83.145
582	195.410	43.605
583	46.669	186.572
584	43.355	172.369
585	0.769	28.541
586	28.468	12.445
587	108.731	176.696
588	97.952	71.944
589	97.147	198.651
590	6.861	11.927
591	103.977	16.895
592	78.408	90.616
593	171.105	156.340
594	86.489	40.724
595	37.178	90.524
596	41.737	36.305
597	62.197	193.121
598	162.358	105.252
599	14.893	100.571
600	10.962	43.794
601	154.332	192.431
602	78.701	189.184
603	136.857	195.471
604	197.839	106.790
605	179.687	17.890
606	64.168	147.996
607	12.403	19.861
608	50.435	134.941
609	47.597	26.618
610	191.961	128.513
611	101.877	90.402
612	125.852	135.850
613	98.514	107.486
614	64.968	113.413
615	83.016	96.506
616	187.860	122.147
617	182.830	44.404
618	125.993	190.771
619	42.384	126.164
620	129.527	143.498
621	164.855	4.627
622	192.816	148.576
623	91.751	16.694
624	120.927	43.623
625	51.692	152.007
626	18.427	194.305
627	9.528	30.543
628	181.744	142.351
629	147.148	185.272
630	76.150	199.390
631	107.144	56.063
632	178.961	42.628
633	30.641	1.318
634	169.799	68.813
635	120.481	133.293
636	49.513	162.584
637	161.101	83.529
638	68.819	35.585
639	126.255	104.715
640	47.932	192.517
641	105.887	14.972
642	168.499	80.319
643	83.425	191.089
644	19.013	76.955
645	194.684	116.758
646	175.054	75.729
647	199.640	92.184
648	95.456	121.696
649	198.413	11.267
650	15.833	56.178
651	122.568	12.592
652	20.539	25.806
653	33.125	110.489
654	174.468	12.201
655	156.383	12.482
656	95.773	38.679
657	88.943	29.237
658	50.996	10.059
659	103.116	83.401
660	153.545	42.055
661	183.935	123.484
662	147.069	36.232
663	129.093	149.059
664	154.784	157.048
665	143.016	153.600
666	76.064	166.979
667	56.307	191.082
668	11.603	76.193
669	1.868	72.677
670	198.273	62.856
671	78.872	99.814
672	34.999	120.457
673	35.878	139.775
674	81.014	188.263
675	104.386	50.117
676	7.447	21.290
677	13.971	158.226
678	183.856	155.950
679	120.359	2.118
680	80.612	27.644
681	77.590	38.899
682	168.706	196.576
683	185.620	126.994
684	97.946	138.005
685	44.539	88.491
686	35.005	153.215
687	46.699	157.781
688	142.418	57.424
689	137.944	22.797
690	79.885	0.903
691	179.278	65.114
692	109.104	79.556
693	140.129	105.026
694	83.303	91.177
695	54.549	58.058
696	102.878	93.686
697	171.526	9.015
698	118.210	121.574
699	30.659	109.848
700	61.061	116.764
701	94.571	7.587
702	185.711	30.195
703	69.088	8.679
704	1.080	150.414
705	142.656	85.788
706	75.210	15.229
707	76.077	133.512
708	93.118	162.999
709	173.968	179.162
710	49.574	79.464
711	69.015	154.820
712	157.768	196.643
713	150.450	137.053
714	155.303	99.844
715	167.858	60.384
716	188.702	199.237
717	41.670	10.889
718	157.653	21.986
719	11.524	106.095
720	100.308	181.500
721	153.771	67.458
722	100.809	179.724
723	199.335	91.690
724	100.369	99.002
725	83.309	127.165
726	93.069	139.610
727	157.360	161.589
728	87.710	59.194
729	96.249	27.345
730	116.941	70.492
731	29.865	130.613
732	74.844	53.432
733	131.785	10.541
734	64.351	38.002
735	195.740	134.831
736	35.640	14.014
737	31.288	37.776
738	196.789	24.110
739	9.827	7.282
740	177.972	196.222
741	192.242	26.820
742	30.427	71.664
743	169.433	178.808
744	41.383	85.318
745	47.060	15.497
746	46.333	153.880
747	105.612	103.781
748	19.745	28.626
749	167.101	49.965
750	25.593	168.920
751	199.701	10.944
752	108.890	192.547
753	191.491	197.974
754	9.467	59.395
755	24.616	179.156
756	79.293	44.527
757	181.066	87.161
758	84.555	56.917
759	11.335	138.157
760	73.727	160.210
761	197.272	168.358
762	192.956	51.613
763	140.257	194.397
764	29.896	155.345
765	106.076	103.806
766	167.400	86.654
767	57.637	81.771
768	128.117	142.912
769	6.867	80.508
770	191.449	177.807
771	16.974	137.443
772	63.961	115.085
773	86.361	48.476
774	84.603	57.936
775	45.430	2.588
776	145.915	50.319
777	97.513	84.005
778	12.500	46.565
779	135.221	48.201
780	18.043	145.341
781	63.405	77.975
782	22.040	44.392
783	60.036	125.858
784	7.624	172.198
785	6.189	149.113
786	1.556	52.821
787	16.449	43.519
788	97.836	160.283
789	100.961	182.293
790	65.975	18.500
791	90.316	166.289
792	125.382	3.363
793	54.665	91.800
794	166.955	2.838
795	148.161	142.204
796	3.174	191.644
797	110.038	9.626
798	128.056	76.553
799	153.624	153.026
800	167.974	68.734
801	74.465	198.755
802	104.898	139.195
803	108.841	90.011
804	53.041	13.746
805	173.925	91.391
806	70.315	63.674
807	20.844	54.689
808	185.815	148.296
809	131.877	52.333
810	124.509	165.801
811	93.002	184.655
812	110.544	168.511
813	73.165	67.183
814	30.201	198.816
815	141.374	4.334
816	135.966	102.103
817	52.950	155.644
818	172.796	72.897
819	36.171	100.797
820	107.944	190.393
821	10.578	109.812
822	145.531	99.747
823	168.126	124.491
824	7.129	95.309
825	148.515	157.457
826	159.642	162.059
827	139.903	115.055
828	171.636	31.458
829	136.241	150.291
830	79.513	8.081
831	82.522	152.110
832	144.658	23.133
833	139.158	77.261
834	82.839	71.175
835	196.753	131.004
836	147.160	86.349
837	72.494	102.835
838	145.763	14.264
839	119.504	63.619
840	175.530	135.875
841	80.227	130.259
842	153.063	199.475
843	115.287	104.160
844	124.198	17.261
845	38.954	89.859
846	33.265	82.559
847	92.538	99.899
848	133.360	63.906
849	86.843	152.330
850	118.870	132.505
851	45.100	67.006
852	161.571	179.009
853	177.502	66.988
854	131.419	76.040
855	118.595	191.284
856	183.428	42.683
857	58.889	25.080
858	191.729	67.153
859	101.810	153.972
860	12.226	43.941
861	77.261	48.048
862	54.988	181.646
863	143.156	182.537
864	147.630	137.748
865	6.018	100.815
866	170.977	36.628
867	92.032	26.429
868	48.280	27.015
869	99.661	130.070
870	169.152	135.112
871	65.236	57.900
872	29.511	69.698
873	172.649	27.528
874	168.853	135.472
875	38.398	97.732
876	185.968	110.758
877	103.360	118.271
878	114.451	46.022
879	62.355	166.070
880	139.268	39.235
881	162.957	173.943
882	135.490	144.536
883	104.575	158.165
884	10.663	70.266
885	169.298	151.097
886	131.852	22.773
887	115.549	45.173
888	18.714	152.129
889	65.877	54.451
890	183.911	156.029
891	120.219	199.957
892	101.907	98.233
893	125.687	125.175
894	187.683	197.620
895	134.361	47.816
896	166.332	44.209
897	180.145	154.173
898	115.006	198.462
899	106.015	42.317
900	158.348	29.902
901	72.988	120.359
902	98.672	151.592
903	81.869	166.045
904	162.224	106.412
905	139.219	153.929
906	142.595	61.684
907	198.682	156.389
908	122.794	168.126
909	108.945	24.677
910	56.954	139.598
911	99.655	56.349
912	193.133	109.745
913	36.348	155.242
914	18.360	121.885
915	175.909	90.280
916	107.193	108.316
917	53.554	159.392
918	155.028	115.348
919	32.814	64.693
920	177.459	30.274
921	149.553	105.319
922	156.890	166.564
923	181.445	94.034
924	117.624	163.463
925	174.090	103.934
926	110.794	156.389
927	154.967	51.473
928	90.225	74.166
929	66.591	22.102
930	160.643	19.544
931	50.032	144.670
932	179.321	189.148
933	110.068	120.969
934	192.547	89.096
935	93.228	16.559
936	88.107	102.658
937	10.010	19.214
938	144.993	166.008
939	32.435	171.148
940	61.635	8.509
941	198.303	181.353
942	143.974	113.669
943	153.264	124.265
944	34.413	57.064
945	162.120	130.992
946	63.186	177.441
947	120.438	79.373
948	3.088	37.288
949	197.851	189.142
950	109.146	29.139
951	44.221	128.343
952	24.104	183.776
953	189.990	137.461
954	31.367	136.650
955	171.825	177.227
956	36.329	108.780
957	15.040	6.586
958	157.524	58.364
959	3.784	197.027
960	108.762	59.261
961	170.452	189.373
962	53.578	62.783
963	35.408	199.518
964	113.144	98.880
965	28.468	79.171
966	8.966	73.025
967	123.148	137.974
968	21.625	15.070
969	115.110	33.149
970	146.739	136.332
971	76.016	133.018
972	29.450	151.048
973	13.996	60.549
974	158.721	18.635
975	72.011	23.322
976	102.573	162.841
977	95.334	35.957
978	65.664	124.088
979	99.490	41.462
980	150.328	101.321
981	69.753	37.605
982	2.411	139.549
983	23.603	14.643
984	23.109	19.263
985	167.266	10.633
986	28.059	4.175
987	77.682	90.530
988	134.989	103.330
989	141.130	155.406
990	161.083	3.919
991	179.669	187.982
992	111.399	131.132
993	96.793	40.736
994	39.521	191.070
995	73.470	172.857
996	61.776	53.255
997	145.781	42.225
998	6.134	128.764
999	95.450	158.800
1000	77.230	100.296
1001	84.585	105.509
1002	18.543	160.546
1003	165.746	133.018
1004	153.185	14.881
1005	98.624	34.547
1006	184.393	4.883
1007	4.724	107.047
1008	137.046	8.710
1009	91.079	104.917
1010	121.500	74.722
1011	174.401	192.566
1012	100.851	44.569
1013	36.854	2.057
1014	143.034	121.958
1015	144.786	2.118
1016	138.926	43.379
1017	161.467	84.616
1018	67.653	7.038
1019	185.357	174.981
1020	190.545	16.236
1021	144.932	172.649
1022	54.665	193.463
1023	81.423	27.851
1024	87.576	121.415
1025	150.707	60.970
1026	64.174	167.284
1027	75.552	130.711
1028	27.168	46.406
1029	79.562	157.402
1030	142.265	181.701
1031	33.961	7.544
1032	69.369	114.975
1033	48.524	46.046
1034	131.114	126.536
1035	37.935	162.163
1036	59.792	119.156
1037	94.748	175.610
1038	4.187	122.813
1039	0.232	28.950
1040	177.300	76.315
1041	104.428	72.622
1042	26.392	42.232
1043	106.479	48.683
1044	106.607	111.161
1045	166.729	79.769
1046	139.213	151.769
1047	81.588	69.271
1048	36.000	62.770
1049	152.660	19.153
1050	170.867	83.132
1051	81.161	71.578
1052	79.946	16.657
1053	119.022	180.590
1054	71.480	127.366
1055	7.886	20.161
1056	126.762	161.754
1057	137.260	34.834
1058	173.247	54.317
1059	52.974	39.100
1060	111.283	172.478
1061	147.411	71.957
1062	75.546	57.222
1063	62.514	112.735
1064	112.497	115.738
1065	37.001	164.537
1066	155.144	22.193
1067	128.935	111.472
1068	76.235	83.010
1069	144.951	55.989
1070	101.321	122.794
1071	7.361	142.552
1072	162.780	147.301
1073	190.460	173.846
1074	76.058	139.518
1075	157.073	25.843
1076	119.559	45.241
1077	26.942	167.998
1078	99.149	104.361
1079	7.843	94.626
1080	78.793	184.082
1081	20.930	174.035
1082	58.394	70.339
1083	51.430	121.348
1084	180.157	173.730
1085	55.977	1.477
1086	144.737	6.024
1087	157.891	168.432
1088	18.397	83.792
1089	161.534	47.102
1090	112.430	15.064
1091	117.069	164.043
1092	116.062	25.599
1093	166.894	133.171
1094	164.190	80.728
1095	4.938	2.881
1096	21.070	59.236
1097	180.096	70.742
1098	61.336	135.423
1099	175.060	171.960
1100	29.450	25.575
1101	91.806	147.972
1102	58.992	55.232
1103	74.947	101.358
1104	132.939	103.305
1105	104.245	143.345
1106	66.189	179.461
1107	87.497	40.065
1108	191.656	90.951
1109	85.086	64.003
1110	31.050	155.132
1111	197.394	56.691
1112	131.761	13.929
1113	146.367	9.003
1114	150.938	106.552
1115	82.492	165.300
1116	168.126	56.581
1117	48.378	157.604
1118	107.627	129.838
1119	30.256	176.165
1120	51.949	19.166
1121	28.602	82.534
1122	127.433	112.424
1123	79.159	71.541
1124	143.461	99.930
1125	55.593	188.299
1126	66.390	77.609
1127	185.058	106.497
1128	109.543	2.112
1129	107.883	74.429
1130	120.408	54.097
1131	12.635	34.632
1132	46.406	166.008
1133	77.895	23.798
1134	160.405	70.516
1135	151.811	58.895
1136	27.235	125.962
1137	100.870	15.894
1138	92.489	74.947
1139	159.087	107.358
1140	74.844	192.431
1141	108.731	65.065
1142	43.110	179.467
1143	24.042	33.985
1144	159.349	58.980
1145	9.021	83.847
1146	169.207	29.664
1147	60.671	144.456
1148	20.795	134.367
1149	88.803	71.218
1150	93.356	99.191
1151	23.817	46.876
1152	16.852	199.524
1153	43.556	25.892
1154	163.958	109.275
1155	50.575	27.625
1156	195.434	189.593
1157	31.080	184.606
1158	140.367	173.254
1159	26.698	152.104
1160	192.364	100.998
1161	150.438	185.363
1162	103.049	66.115
1163	178.008	90.518
1164	154.051	23.432
1165	145.805	155.760
1166	188.757	19.031
1167	86.776	68.673
1168	85.116	96.921
1169	135.417	126.255
1170	150.670	38.881
1171	133.171	143.736
1172	21.088	193.817
1173	165.465	168.438
1174	143.547	152.763
1175	161.638	5.029
1176	26.014	125.864
1177	189.001	58.309
1178	133.897	177.569
1179	172.308	99.826
1180	15.143	176.226
1181	69.832	64.583
1182	135.130	14.472
1183	37.397	84.091
1184	2.576	156.493
1185	11.457	61.953
1186	67.708	68.508
1187	42.653	198.309
1188	173.937	188.739
1189	10.944	169.359
1190	44.307	193.048
1191	53.700	168.218
1192	183.990	12.537
1193	137.846	113.303
1194	79.965	159.374
1195	107.486	30.628
1196	79.330	17.005
1197	38.099	116.105
1198	27.253	51.180
1199	28.675	84.207
1200	46.040	197.821
1201	62.954	109.195
1202	136.424	184.143
1203	71.072	165.215
1204	182.342	39.253
1205	22.852	71.389
1206	40.547	150.407
1207	183.996	48.335
1208	96.207	121.226
1209	166.362	92.172
1210	165.722	188.147
1211	103.714	172.430
1212	128.104	51.289
1213	184.045	159.978
1214	166.155	76.077
1215	69.832	91.324
1216	198.572	121.726
1217	37.403	75.466
1218	184.393	153.020
1219	166.717	49.593
1220	80.917	91.507
1221	12.757	89.828
1222	136.424	62.386
1223	89.877	83.340
1224	98.862	93.374
1225	0.177	68.020
1226	21.863	21.741
1227	137.407	45.979
1228	49.202	65.853
1229	197.369	177.111
1230	59.102	17.341
1231	26.344	159.014
1232	149.467	110.294
1233	38.563	99.484
1234	45.454	123.624
1235	134.123	87.814
1236	10.541	172.887
1237	148.485	171.197
1238	142.326	147.789
1239	164.953	142.418
1240	34.382	51.692
1241	121.189	45.192
1242	85.366	199.292
1243	41.224	3.278
1244	36.628	128.709
1245	124.015	79.653
1246	19.623	184.399
1247	19.935	172.088
1248	94.284	26.856
1249	126.456	51.210
1250	159.703	25.697
1251	34.083	147.508
1252	18.329	192.035
1253	154.106	193.274
1254	74.911	6.653
1255	59.066	126.005
1256	51.448	0.140
1257	167.528	159.288
1258	199.445	41.133
1259	104.093	27.583
1260	190.631	189.129
1261	166.179	111.026
1262	167.504	67.910
1263	28.596	46.602
1264	134.831	15.992
1265	117.331	131.877
1266	173.473	170.220
1267	183.648	127.549
1268	57.656	138.847
1269	109.934	165.105
1270	157.085	20.295
1271	78.329	165.789
1272	4.993	23.920
1273	133.567	77.145
1274	13.550	48.897
1275	71.169	133.396
1276	117.685	77.621
1277	82.315	45.882
1278	28.748	139.811
1279	86.550	129.893
1280	79.165	103.531
1281	183.703	73.946
1282	139.348	49.428
1283	156.102	158.068
1284	188.134	84.463
1285	52.547	26.966
1286	17.982	151.256
1287	185.095	24.714
1288	56.197	89.486
1289	169.951	196.863
1290	183.410	105.429
1291	143.883	166.460
1292	130.552	105.960
1293	187.121	190.136
1294	135.655	53.273
1295	84.274	0.501
1296	41.597	196.551
1297	54.317	141.148
1298	116.172	136.821
1299	180.981	0.427
1300	175.634	181.280
1301	174.780	50.392
1302	93.020	143.333
1303	197.961	96.970
1304	72.494	44.545
1305	183.569	47.780
1306	170.977	74.850
1307	179.882	3.778
1308	48.213	67.165
1309	151.537	180.938
1310	26.728	42.720
1311	168.505	68.258
1312	42.677	83.383
1313	14.203	128.446
1314	169.036	87.118
1315	144.078	47.273
1316	92.276	62.935
1317	25.678	38.166
1318	23.835	121.574
1319	191.784	7.990
1320	27.564	18.049
1321	37.538	90.506
1322	44.459	2.521
1323	93.088	153.624
1324	195.929	35.493
1325	2.759	186.700
1326	46.760	123.832
1327	142.204	174.224
1328	9.217	33.607
1329	104.617	162.059
1330	169.268	136.314
1331	187.445	122.477
1332	116.428	44.325
1333	110.593	124.326
1334	58.339	192.279
1335	97.665	14.472
1336	1.337	20.203
1337	151.268	116.880
1338	78.335	115.049
1339	53.676	155.473
1340	5.176	166.485
1341	124.247	107.071
1342	146.776	93.515
1343	64.608	190.710
1344	174.273	198.065
1345	123.063	99.466
1346	194.464	101.639
1347	109.354	81.161
1348	132.713	121.592
1349	91.073	174.151
1350	50.673	42.988
1351	102.969	4.346
1352	180.004	142.473
1353	100.369	49.995
1354	153.313	20.295
1355	88.052	180.090
1356	13.709	96.878
1357	55.684	172.973
1358	84.036	129.960
1359	51.198	21.271
1360	77.145	8.814
1361	23.304	129.380
1362	128.452	181.591
1363	164.367	9.705
1364	131.993	172.130
1365	184.960	184.167
1366	61.245	142.521
1367	51.283	96.817
1368	55.977	157.549
1369	16.742	144.200
1370	156.346	107.382
1371	78.890	29.463
1372	65.517	144.713
1373	93.027	146.556
1374	22.077	192.590
1375	73.708	0.745
1376	163.402	179.205
1377	115.348	171.770
1378	61.330	155.889
1379	63.259	25.739
1380	11.390	154.576
1381	166.314	82.162
1382	156.700	140.910
1383	42.470	42.305
1384	27.949	119.388
1385	188.525	185.095
1386	180.657	146.654
1387	165.105	136.869
1388	110.849	109.244
1389	88.473	121.232
1390	130.674	22.059
1391	160.106	95.181
1392	184.838	103.800
1393	65.450	77.865
1394	89.431	185.540
1395	173.077	78.133
1396	174.279	108.823
1397	165.453	127.183
1398	9.943	69.454
1399	32.636	22.510
1400	0.861	163.207
1401	60.085	89.511
1402	125.700	89.731
1403	141.856	166.790
1404	6.195	70.992
1405	50.459	121.653
1406	185.852	140.318
1407	194.629	101.895
1408	199.512	58.443
1409	96.127	30.134
1410	115.348	12.757
1411	117.112	147.020
1412	130.271	156.023
1413	68.960	109.494
1414	100.119	140.715
1415	34.132	50.374
1416	185.888	105.448
1417	32.063	105.557
1418	97.195	69.472
1419	60.555	14.978
1420	114.304	191.736
1421	143.693	103.739
1422	169.878	50.526
1423	117.740	49.452
1424	171.734	0.208
1425	186.145	142.296
1426	47.914	161.052
1427	174.908	43.770
1428	95.242	98.550
1429	119.657	150.633
1430	112.632	148.479
1431	115.555	170.086
1432	100.449	43.818
1433	61.354	12.568
1434	7.099	200.000
1435	28.883	8.448
1436	104.166	114.475
1437	89.120	154.637
1438	71.285	37.104
1439	126.188	197.668
1440	172.063	167.431
1441	70.492	59.316
1442	2.216	135.142
1443	82.247	11.017
1444	191.308	20.069
1445	116.611	103.391
1446	139.134	67.794
1447	1.764	57.070
1448	168.242	157.280
1449	61.086	121.158
1450	173.638	176.659
1451	10.749	105.448
1452	151.030	163.488
1453	163.933	92.758
1454	84.854	165.740
1455	72.939	37.605
1456	177.300	79.684
1457	40.449	157.427
1458	99.600	21.021
1459	31.178	122.642
1460	46.834	85.458
1461	15.143	151.793
1462	77.517	54.970
1463	73.867	18.030
1464	119.193	106.034
1465	100.644	73.153
1466	121.256	76.064
1467	26.319	95.468
1468	136.381	144.292
1469	1.581	67.763
1470	11.597	83.346
1471	67.220	91.580
1472	70.504	137.803
1473	143.516	144.090
1474	67.641	85.928
1475	69.991	83.755
1476	196.448	140.867
1477	126.835	11.121
1478	31.941	47.548
1479	169.207	190.912
1480	189.483	31.532
1481	5.664	41.664
1482	180.682	156.084
1483	152.013	199.274
1484	47.963	143.651
1485	191.772	160.558
1486	58.797	18.091
1487	74.520	113.157
1488	40.986	23.859
1489	183.459	58.022
1490	40.187	178.344
1491	103.226	30.744
1492	81.008	113.681
1493	119.504	127.927
1494	112.809	164.330
1495	181.396	144.890
1496	121.537	156.493
1497	158.031	131.028
1498	88.870	55.824
1499	120.487	68.862
1500	179.785	129.582
1501	80.428	183.306
1502	39.985	179.418
1503	116.562	87.149
1504	184.301	101.199
1505	120.280	69.210
1506	157.323	128.001
1507	91.671	131.242
1508	47.639	12.549
1509	17.212	79.965
1510	36.756	105.356
1511	60.280	80.410
1512	164.055	184.851
1513	95.871	176.836
1514	189.038	195.654
1515	120.664	187.487
1516	132.078	151.360
1517	169.774	79.403
1518	174.926	157.982
1519	71.322	29.615
1520	102.243	14.386
1521	70.235	78.860
1522	165.386	145.897
1523	52.370	184.118
1524	149.718	127.360
1525	0.293	176.293
1526	126.695	151.939
1527	11.969	29.163
1528	71.950	101.828
1529	113.578	145.946
1530	30.641	177.178
1531	197.717	69.637
1532	11.335	139.494
1533	118.241	123.521
1534	89.651	125.718
1535	73.031	187.890
1536	102.884	89.261
1537	105.850	119.449
1538	16.962	24.256
1539	58.620	19.495
1540	146.855	29.255
1541	5.316	57.173
1542	111.771	166.619
1543	98.819	54.085
1544	106.412	173.870
1545	61.788	136.442
1546	169.402	183.251
1547	53.041	61.086
1548	30.311	105.753
1549	140.532	121.561
1550	16.431	35.786
1551	112.168	40.510
1552	0.525	132.896
1553	55.873	154.698
1554	70.894	136.583
1555	39.949	98.758
1556	104.917	170.641
1557	125.114	94.162
1558	127.390	193.200
1559	39.424	49.367
1560	34.870	148.686
1561	147.380	177.685
1562	167.278	178.002
1563	44.319	138.823
1564	107.993	143.156
1565	7.587	10.675
1566	193.799	22.633
1567	35.456	97.311
1568	115.726	33.625
1569	105.319	79.568
1570	92.264	37.587
1571	182.159	114.536
1572	196.026	85.134
1573	8.734	190.027
1574	115.195	56.722
1575	8.643	140.452
1576	131.010	55.226
1577	133.494	30.250
1578	192.480	106.772
1579	185.473	111.100
1580	69.625	25.971
1581	46.614	59.291
1582	66.518	1.910
1583	145.885	99.350
1584	75.289	161.034
1585	195.447	120.298
1586	52.412	63.277
1587	127.287	190.698
1588	98.550	187.652
1589	61.525	178.802
1590	23.090	163.494
1591	37.587	84.024
1592	174.761	3.699
1593	139.506	185.998
1594	19.471	96.188
1595	146.648	17.420
1596	46.699	9.717
1597	141.057	67.049
1598	85.629	70.559
1599	2.673	18.940
1600	12.268	165.947
1601	23.756	34.339
1602	128.935	130.888
1603	173.620	82.369
1604	197.119	174.328
1605	45.039	25.764
1606	5.225	101.053
1607	13.593	68.026
1608	52.303	185.571
1609	41.060	68.020
1610	28.968	54.103
1611	54.274	128.544
1612	76.968	31.166
1613	130.607	164.867
1614	108.396	106.742
1615	21.302	59.645
1616	165.984	180.444
1617	44.020	110.428
1618	105.655	138.890
1619	75.704	175.933
1620	182.586	22.541
1621	77.114	27.467
1622	22.004	38.209
1623	80.276	111.643
1624	156.072	73.525
1625	70.034	30.665
1626	7.941	69.631
1627	91.018	146.464
1628	104.422	108.329
1629	11.213	14.893
1630	198.352	169.884
1631	73.501	56.288
1632	81.979	17.847
1633	66.250	168.529
1634	172.674	167.034
1635	44.331	89.016
1636	52.077	190.960
1637	31.812	11.676
1638	40.077	125.010
1639	37.489	65.316
1640	184.747	21.528
1641	14.570	159.526
1642	149.590	13.129
1643	95.785	4.425
1644	179.302	140.471
1645	135.081	10.547
1646	25.257	100.662
1647	87.252	74.923
1648	12.061	172.753
1649	56.691	159.862
1650	126.322	76.296
1651	146.538	70.492
1652	108.969	19.452
1653	139.463	137.437
1654	32.337	92.746
1655	141.331	10.736
1656	143.254	64.785
1657	19.050	71.444
1658	53.377	136.222
1659	163.756	66.952
1660	58.101	108.109
1661	10.651	76.485
1662	65.157	121.000
1663	46.773	12.867
1664	114.292	20.978
1665	137.864	166.894
1666	169.189	108.927
1667	105.618	0.488
1668	162.871	129.185
1669	186.627	95.022
1670	177.941	53.975
1671	104.160	60.848
1672	142.784	119.755
1673	184.112	114.524
1674	125.028	71.761
1675	46.333	129.777
1676	3.565	73.019
1677	102.622	68.606
1678	0.311	34.065
1679	192.560	198.694
1680	52.974	19.611
1681	188.531	3.351
1682	110.105	88.400
1683	101.114	190.393
1684	129.649	22.529
1685	116.135	105.972
1686	62.288	102.493
1687	94.571	159.838
1688	0.763	184.136
1689	166.631	168.108
1690	176.495	33.851
1691	151.195	19.904
1692	184.698	178.216
1693	31.935	174.078
1694	119.260	24.293
1695	21.320	192.199
1696	198.675	106.980
1697	43.684	14.203
1698	164.171	19.452
1699	168.816	182.818
1700	31.428	83.139
1701	27.058	123.069
1702	77.023	113.346
1703	137.431	83.139
1704	40.876	136.888
1705	179.748	42.781
1706	25.990	17.866
1707	142.247	195.593
1708	76.724	47.957
1709	175.805	111.301
1710	116.770	57.350
1711	86.044	184.466
1712	28.181	102.664
1713	94.607	75.674
1714	152.721	88.083
1715	0.757	151.646
1716	196.588	175.903
1717	174.725	30.335
1718	20.057	142.839
1719	113.834	37.440
1720	93.051	138.212
1721	192.846	80.410
1722	97.989	0.409
1723	139.659	146.342
1724	61.153	187.780
1725	67.653	129.942
1726	93.863	80.160
1727	195.965	197.797
1728	124.570	107.492
1729	88.791	195.227
1730	103.336	61.507
1731	145.244	101.999
1732	59.725	46.962
1733	170.696	43.068
1734	95.535	28.510
1735	161.132	60.689
1736	93.472	29.560
1737	131.559	154.076
1738	23.188	139.354
1739	119.846	192.901
1740	25.727	184.436
1741	197.205	10.901
1742	157.817	20.899
1743	16.547	85.757
1744	177.142	103.543
1745	130.009	111.588
1746	49.861	88.235
1747	6.800	70.266
1748	161.730	123.716
1749	182.806	107.797
1750	113.852	189.172
1751	72.933	22.071
1752	84.573	133.647
1753	77.773	68.123
1754	38.557	173.791
1755	115.476	87.271
1756	164.440	105.942
1757	10.382	66.341
1758	22.163	188.989
1759	69.533	133.171
1760	181.445	154.155
1761	78.256	94.723
1762	32.380	97.983
1763	46.229	124.064
1764	149.705	114.805
1765	135.112	102.304
1766	91.665	24.854
1767	99.094	22.028
1768	15.027	54.421
1769	69.625	158.153
1770	187.317	24.097
1771	15.461	12.708
1772	177.532	101.578
1773	109.403	139.671
1774	6.665	75.106
1775	132.896	56.087
1776	39.283	3.894
1777	149.809	145.866
1778	97.238	1.746
1779	180.572	162.267
1780	177.032	10.114
1781	107.944	35.621
1782	51.875	116.880
1783	145.714	192.248
1784	139.781	77.090
1785	101.505	91.012
1786	118.918	191.882
1787	164.977	183.721
1788	71.493	1.849
1789	52.693	5.542
1790	37.367	151.170
1791	40.858	1.837
1792	158.733	78.603
1793	117.167	197.473
1794	97.018	91.763
1795	183.117	115.012
1796	103.323	80.795
1797	137.877	48.030
1798	23.627	27.778
1799	175.146	95.669
1800	19.996	168.108
1801	124.033	64.791
1802	89.077	160.002
1803	165.429	46.046
1804	159.081	118.534
1805	154.973	169.878
1806	46.529	70.357
1807	83.908	148.979
1808	54.085	85.360
1809	109.091	113.260
1810	90.555	41.511
1811	83.395	143.675
1812	94.449	79.232
1813	17.731	11.072
1814	42.323	101.364
1815	5.988	126.481
1816	123.124	175.182
1817	44.099	8.844
1818	159.764	192.572
1819	74.490	76.693
1820	59.273	44.636
1821	87.173	69.820
1822	172.680	67.092
1823	8.765	107.321
1824	145.903	12.482
1825	10.590	88.217
1826	142.936	105.741
1827	167.211	40.870
1828	22.523	39.076
1829	96.579	127.525
1830	149.626	62.673
1831	113.114	110.123
1832	22.834	27.259
1833	124.851	183.764
1834	199.188	134.947
1835	6.067	183.917
1836	97.330	54.439
1837	76.498	73.782
1838	160.595	157.048
1839	18.415	117.936
1840	160.991	129.575
1841	62.929	48.555
1842	125.504	120.426
1843	176.605	30.488
1844	65.932	75.216
1845	79.745	131.419
1846	193.414	18.006
1847	27.601	103.287
1848	199.066	134.562
1849	185.656	181.390
1850	81.802	13.746
1851	130.345	107.212
1852	104.733	103.452
1853	106.394	81.429
1854	161.303	137.150
1855	172.088	53.133
1856	132.402	187.445
1857	63.613	51.741
1858	115.848	102.805
1859	109.854	167.656
1860	109.275	183.795
1861	28.791	88.034
1862	27.851	54.915
1863	136.821	193.909
1864	37.989	188.525
1865	2.155	124.815
1866	88.327	36.830
1867	73.714	17.335
1868	19.233	28.443
1869	116.556	123.661
1870	132.072	185.571
1871	185.260	16.474
1872	199.451	18.177
1873	166.405	86.502
1874	197.803	51.369
1875	21.516	138.743
1876	143.437	42.201
1877	161.559	193.921
1878	113.340	42.201
1879	84.365	101.181
1880	32.044	161.864
1881	106.241	68.398
1882	105.728	193.310
1883	118.863	116.294
1884	84.829	147.429
1885	2.936	162.639
1886	36.427	61.733
1887	29.646	142.790
1888	7.678	135.112
1889	81.307	72.805
1890	61.452	145.854
1891	22.376	61.373
1892	65.523	9.076
1893	52.101	176.843
1894	116.520	29.908
1895	170.104	175.542
1896	179.913	108.530
1897	186.035	197.729
1898	27.216	53.542
1899	4.694	37.324
1900	51.753	59.682
1901	17.725	91.763
1902	44.160	106.308
1903	133.250	198.126
1904	108.921	132.817
1905	74.593	61.867
1906	3.143	147.240
1907	79.470	84.439
1908	78.909	124.332
1909	30.750	95.840
1910	110.300	49.336
1911	150.121	198.682
1912	186.529	163.738
1913	85.928	29.646
1914	152.257	169.146
1915	126.377	44.942
1916	176.513	45.711
1917	169.378	135.710
1918	131.285	41.224
1919	180.279	179.803
1920	161.205	87.130
1921	168.761	36.171
1922	125.462	197.772
1923	16.095	188.055
1924	93.216	109.085
1925	184.075	141.203
1926	173.833	113.041
1927	36.781	183.538
1928	63.063	143.931
1929	6.555	12.256
1930	186.560	72.970
1931	135.331	34.895
1932	21.833	67.293
1933	22.578	50.368
1934	80.068	169.665
1935	111.222	116.385
1936	128.849	155.132
1937	142.570	109.427
1938	137.236	20.923
1939	111.795	183.599
1940	124.308	165.746
1941	154.900	34.455
1942	192.511	14.808
1943	98.685	174.303
1944	126.957	146.818
1945	104.807	124.906
1946	42.079	79.134
1947	139.219	134.190
1948	56.728	167.443
1949	98.294	122.910
1950	79.049	176.031
1951	122.800	67.684
1952	82.412	175.146
1953	131.040	126.609
1954	153.563	121.445
1955	102.353	113.700
1956	94.314	177.947
1957	142.296	28.388
1958	57.985	129.698
1959	60.689	46.406
1960	1.886	151.353
1961	93.808	78.176
1962	37.043	83.004
1963	101.956	101.071
1964	56.429	70.418
1965	73.702	171.740
1966	122.996	126.011
1967	68.001	124.778
1968	198.700	66.756
1969	25.416	63.936
1970	95.779	185.314
1971	179.815	52.229
1972	31.587	110.587
1973	101.584	107.028
1974	68.160	14.002
1975	103.897	106.552
1976	17.792	17.743
1977	42.946	113.932
1978	95.907	161.187
1979	43.709	125.047
1980	102.438	181.756
1981	182.269	146.513
1982	12.940	66.524
1983	56.050	9.961
1984	160.765	30.793
1985	73.226	28.883
1986	91.470	79.769
1987	192.468	104.331
1988	70.760	9.803
1989	144.340	185.662
1990	127.189	5.274
1991	65.658	92.673
1992	10.846	87.448
1993	177.862	5.249
1994	149.388	171.545
1995	40.895	26.856
1996	182.501	188.208
1997	13.672	128.141
1998	156.151	25.752
1999	52.425	76.815
End the user

Start the original macrocell
End the original macrocell
