region_length = 200
region_width = 200
num_candicate_point = 200
num_user = 4000
num_original_macrocell = 0

Start the candicate point
0	29.383	7.489
1	92.141	35.060
2	154.277	36.982
3	115.006	61.013
4	107.273	142.131
5	137.230	91.079
6	197.546	117.783
7	107.218	181.335
8	53.078	191.394
9	108.304	84.597
10	106.937	89.279
11	185.064	96.542
12	83.883	101.700
13	173.101	91.299
14	118.693	52.956
15	13.648	102.701
16	37.294	182.897
17	134.153	107.511
18	32.136	45.943
19	176.104	166.875
20	62.850	33.992
21	51.436	182.196
22	13.630	29.340
23	8.667	21.699
24	138.456	193.988
25	90.030	74.020
26	25.452	1.465
27	60.915	184.899
28	11.731	117.588
29	192.779	33.387
30	79.714	36.152
31	180.871	103.781
32	166.497	76.070
33	177.929	109.433
34	117.252	46.028
35	25.172	24.830
36	14.100	183.001
37	61.800	182.098
38	111.551	70.803
39	194.250	188.202
40	109.885	145.036
41	6.452	119.126
42	197.650	90.536
43	192.444	147.240
44	194.555	137.712
45	92.325	58.113
46	26.014	163.921
47	13.190	13.050
48	60.591	6.201
49	115.891	13.544
50	141.514	91.580
51	149.181	23.994
52	43.684	191.150
53	12.317	8.808
54	187.249	4.321
55	27.473	40.254
56	139.103	179.363
57	103.134	133.238
58	133.512	76.461
59	69.729	163.317
60	143.126	79.690
61	168.871	124.131
62	131.663	164.043
63	177.276	80.557
64	19.428	123.746
65	146.733	73.806
66	193.054	168.188
67	41.328	134.733
68	90.512	91.684
69	53.230	61.599
70	92.923	123.313
71	78.140	118.534
72	54.091	63.033
73	131.870	110.941
74	99.313	10.456
75	189.117	194.116
76	24.500	92.416
77	25.776	71.322
78	126.969	95.560
79	146.019	137.596
80	199.121	10.370
81	175.378	25.404
82	116.251	192.700
83	1.093	108.646
84	149.760	149.120
85	41.029	20.985
86	37.013	52.419
87	122.257	144.969
88	139.073	193.359
89	150.719	128.056
90	117.563	75.008
91	53.188	181.860
92	61.971	156.005
93	172.668	20.838
94	98.520	148.747
95	198.578	196.722
96	12.012	79.025
97	13.007	84.811
98	111.740	13.208
99	134.190	78.597
100	72.835	59.206
101	138.475	48.726
102	184.228	147.569
103	142.100	22.730
104	134.532	198.895
105	123.997	141.673
106	167.028	183.825
107	170.794	50.044
108	135.069	81.832
109	25.398	175.072
110	89.132	45.131
111	20.338	51.723
112	126.719	173.907
113	177.062	149.724
114	136.418	9.070
115	152.574	158.708
116	167.412	148.936
117	14.533	187.854
118	55.507	95.901
119	126.200	36.238
120	37.184	139.470
121	122.245	190.124
122	182.702	181.878
123	57.002	103.409
124	179.595	112.534
125	106.107	17.652
126	97.879	37.513
127	102.969	77.657
128	68.075	170.446
129	91.214	199.103
130	103.409	90.872
131	174.450	44.325
132	197.400	176.574
133	44.478	162.627
134	128.050	115.836
135	69.326	51.173
136	100.027	106.137
137	122.288	192.975
138	55.855	45.387
139	33.161	27.937
140	187.585	121.976
141	43.153	113.492
142	80.081	109.915
143	144.359	30.824
144	17.200	175.329
145	85.403	93.136
146	82.101	100.461
147	124.296	12.067
148	182.965	131.614
149	109.787	178.558
150	35.304	157.030
151	172.521	114.457
152	32.276	21.223
153	7.160	151.067
154	33.992	81.832
155	26.868	90.866
156	7.324	15.296
157	171.160	108.713
158	147.313	177.630
159	48.659	48.769
160	11.444	126.499
161	195.807	173.309
162	98.135	10.938
163	132.817	119.797
164	0.519	34.803
165	198.206	122.422
166	166.973	100.381
167	43.031	54.262
168	199.420	38.282
169	166.198	146.483
170	120.884	129.930
171	171.947	140.678
172	143.370	128.867
173	130.992	130.723
174	167.394	87.173
175	126.273	50.288
176	144.414	193.152
177	164.855	62.294
178	133.384	126.646
179	136.973	6.623
180	182.745	138.157
181	3.723	162.243
182	68.984	158.068
183	94.406	80.013
184	23.170	142.131
185	94.931	142.540
186	76.528	159.642
187	8.490	7.105
188	156.505	30.311
189	69.765	188.165
190	164.403	16.334
191	93.851	135.435
192	165.954	175.719
193	41.224	64.071
194	125.987	83.169
195	79.989	92.911
196	118.540	124.918
197	126.603	147.270
198	43.556	73.476
199	146.416	182.385
End the candicate point

Start the user
0	181.524	148.839
1	195.178	183.831
2	17.182	72.195
3	82.839	101.151
4	63.759	118.516
5	40.858	170.922
6	118.650	74.160
7	74.294	185.510
8	82.168	105.887
9	179.864	163.836
10	170.330	47.371
11	111.313	180.273
12	53.078	109.592
13	73.318	8.032
14	149.132	121.281
15	25.080	133.299
16	8.692	105.716
17	174.993	196.179
18	15.369	100.064
19	147.575	15.033
20	138.438	23.591
21	3.888	50.136
22	166.717	100.925
23	196.753	63.051
24	155.419	46.608
25	41.932	28.034
26	117.051	117.338
27	186.676	51.552
28	87.783	37.922
29	56.624	156.304
30	0.397	107.382
31	162.676	85.922
32	95.169	91.324
33	48.683	186.670
34	99.844	6.964
35	161.541	122.251
36	110.074	6.934
37	24.720	78.207
38	1.422	68.154
39	196.625	11.872
40	104.300	92.062
41	194.885	4.389
42	173.028	122.422
43	68.014	70.882
44	180.309	86.929
45	195.514	85.092
46	168.316	168.944
47	197.736	174.694
48	87.674	15.479
49	136.808	43.623
50	55.611	87.875
51	89.822	177.538
52	164.470	161.162
53	75.472	188.781
54	71.841	78.640
55	15.552	57.009
56	103.671	167.693
57	112.387	121.848
58	101.395	23.206
59	123.569	183.624
60	144.572	64.846
61	115.226	168.670
62	180.071	174.364
63	175.024	115.281
64	89.187	19.251
65	66.170	136.631
66	23.933	169.005
67	103.757	116.874
68	143.651	10.144
69	34.523	196.741
70	183.300	166.417
71	1.453	4.773
72	184.637	30.183
73	174.377	90.609
74	21.546	111.551
75	127.787	116.367
76	50.746	11.182
77	147.264	62.545
78	119.114	123.307
79	145.567	4.602
80	58.937	74.953
81	169.829	116.514
82	102.322	7.825
83	180.938	57.497
84	145.921	109.024
85	86.477	198.230
86	97.354	96.762
87	108.469	42.701
88	34.541	67.476
89	67.025	102.139
90	9.113	10.535
91	61.379	176.995
92	25.239	196.698
93	129.362	103.494
94	25.141	146.684
95	166.655	120.841
96	12.409	186.145
97	87.088	115.360
98	144.536	93.069
99	105.191	97.903
100	125.810	44.166
101	122.221	170.647
102	131.846	166.210
103	97.000	139.604
104	197.009	98.770
105	182.781	29.133
106	95.975	74.526
107	111.319	54.610
108	50.728	123.380
109	5.512	109.537
110	94.107	106.650
111	101.791	123.411
112	21.320	187.640
113	163.512	146.495
114	160.588	44.697
115	66.616	117.820
116	94.119	33.204
117	138.859	172.631
118	160.839	2.539
119	133.702	45.515
120	71.865	174.493
121	20.313	25.550
122	70.272	189.105
123	70.815	19.568
124	166.124	124.485
125	25.971	179.937
126	78.201	196.619
127	20.771	52.992
128	13.654	145.512
129	50.893	104.501
130	116.727	13.935
131	61.544	178.234
132	117.887	125.010
133	39.760	144.072
134	14.649	164.806
135	191.467	91.745
136	115.238	176.336
137	184.564	126.603
138	76.388	171.117
139	139.329	123.496
140	66.579	164.519
141	147.233	95.206
142	85.879	141.240
143	199.609	131.510
144	173.650	157.067
145	107.297	165.203
146	135.472	83.248
147	92.569	121.384
148	120.402	199.713
149	34.553	106.113
150	79.855	143.260
151	49.440	190.844
152	39.460	17.237
153	186.706	48.732
154	14.954	168.664
155	122.575	199.243
156	103.531	39.228
157	32.026	117.124
158	181.829	196.423
159	120.585	162.133
160	141.765	150.865
161	197.040	185.687
162	95.584	66.366
163	168.529	170.757
164	81.198	168.688
165	39.100	161.156
166	99.283	159.459
167	93.039	36.598
168	13.153	41.395
169	44.172	189.654
170	142.863	61.086
171	32.508	60.921
172	84.634	175.628
173	49.361	188.702
174	186.999	149.327
175	72.219	129.289
176	14.740	86.734
177	90.652	104.282
178	32.063	108.249
179	104.501	131.083
180	36.079	174.566
181	75.533	92.831
182	172.002	166.179
183	113.907	104.068
184	61.159	24.238
185	80.648	28.309
186	73.238	58.980
187	87.356	103.897
188	73.806	31.953
189	74.477	134.208
190	78.591	118.363
191	149.290	198.651
192	145.561	155.730
193	64.968	140.562
194	136.186	85.122
195	121.836	188.354
196	77.084	191.217
197	72.201	166.045
198	153.331	47.444
199	109.940	49.550
200	64.589	172.466
201	126.060	124.924
202	175.475	104.202
203	111.570	104.776
204	191.217	97.714
205	88.864	59.151
206	190.051	153.191
207	52.821	117.136
208	143.443	180.175
209	103.024	195.367
210	155.443	4.456
211	48.109	109.806
212	152.501	23.774
213	63.735	126.926
214	54.842	18.549
215	85.293	110.587
216	160.796	124.015
217	116.593	120.939
218	175.201	69.832
219	135.868	21.418
220	13.269	93.667
221	180.267	150.316
222	11.072	34.712
223	90.097	12.922
224	73.861	13.617
225	94.143	50.771
226	193.609	4.968
227	117.173	43.922
228	66.866	108.615
229	191.009	2.869
230	44.368	26.026
231	50.368	105.991
232	143.376	148.070
233	94.681	139.067
234	154.302	160.228
235	197.217	192.950
236	172.649	171.807
237	142.680	75.704
238	187.616	75.088
239	174.633	195.447
240	58.559	140.886
241	33.869	170.104
242	110.678	156.645
243	169.103	120.450
244	80.984	113.364
245	101.132	102.524
246	45.967	147.661
247	21.809	35.792
248	62.185	145.067
249	8.997	183.251
250	150.914	110.978
251	138.816	139.714
252	158.257	115.384
253	76.351	184.600
254	121.860	117.728
255	26.203	155.364
256	75.509	78.042
257	24.012	97.946
258	122.929	60.683
259	50.240	50.362
260	111.881	136.900
261	147.478	15.778
262	139.970	192.480
263	22.517	81.307
264	23.328	46.706
265	114.487	138.707
266	159.429	188.928
267	10.138	163.335
268	115.268	138.908
269	187.774	107.505
270	172.259	137.291
271	170.843	164.611
272	158.940	172.405
273	72.634	60.128
274	2.857	49.568
275	13.172	125.901
276	132.853	109.348
277	189.660	13.776
278	162.944	100.760
279	81.649	5.072
280	189.166	15.918
281	172.326	171.892
282	130.467	192.181
283	66.897	146.666
284	45.088	88.119
285	189.691	156.194
286	53.511	39.680
287	140.819	76.351
288	199.329	2.521
289	94.040	163.738
290	79.232	187.024
291	116.746	20.545
292	173.443	192.083
293	193.554	48.909
294	107.718	144.053
295	34.602	150.902
296	178.289	46.901
297	49.934	130.503
298	170.922	50.069
299	171.056	153.819
300	5.390	40.034
301	101.090	123.685
302	36.567	62.062
303	74.660	125.016
304	143.400	178.228
305	108.780	197.095
306	37.056	68.001
307	26.038	189.050
308	119.443	177.734
309	31.275	154.827
310	123.356	125.126
311	123.026	43.818
312	65.554	165.093
313	121.006	143.498
314	143.931	23.200
315	190.820	30.152
316	110.099	102.896
317	47.224	84.237
318	148.625	172.839
319	117.142	126.273
320	194.147	140.574
321	43.666	29.774
322	117.594	18.744
323	12.391	67.379
324	112.888	90.182
325	81.198	46.406
326	115.189	178.021
327	194.824	190.155
328	182.073	27.174
329	65.468	21.076
330	68.868	103.421
331	0.653	2.289
332	129.362	16.205
333	59.584	193.390
334	173.125	71.670
335	19.282	77.053
336	10.773	161.882
337	131.755	12.616
338	118.351	96.713
339	153.398	72.781
340	152.080	184.552
341	27.937	119.803
342	144.780	168.010
343	104.135	77.425
344	115.195	121.097
345	69.509	54.701
346	121.384	13.813
347	81.283	78.085
348	89.608	150.725
349	75.918	87.881
350	49.763	189.465
351	138.371	155.528
352	108.780	145.708
353	112.351	177.709
354	193.091	90.628
355	132.884	3.742
356	91.543	147.209
357	62.362	52.406
358	29.957	91.641
359	111.374	174.456
360	108.518	166.039
361	25.550	17.078
362	33.351	8.741
363	119.657	46.644
364	73.495	108.438
365	140.220	85.751
366	74.502	88.375
367	37.922	121.116
368	59.890	26.868
369	31.013	38.362
370	51.814	120.463
371	40.944	39.998
372	42.085	95.798
373	81.594	2.857
374	144.798	76.687
375	83.187	131.278
376	61.898	112.449
377	132.286	162.169
378	92.904	73.788
379	8.985	78.335
380	19.947	122.617
381	2.722	186.261
382	99.521	61.812
383	87.716	114.499
384	92.074	171.447
385	39.546	189.178
386	160.802	37.434
387	173.919	142.534
388	170.745	179.186
389	88.998	11.048
390	19.611	182.189
391	92.471	179.199
392	131.449	142.009
393	94.632	25.153
394	144.438	125.803
395	48.750	124.772
396	124.131	57.747
397	119.938	69.918
398	133.274	134.446
399	63.778	57.595
400	89.572	176.733
401	196.008	105.960
402	142.540	24.012
403	34.388	53.584
404	100.797	177.502
405	194.201	198.132
406	140.977	198.425
407	18.378	130.766
408	129.508	67.653
409	123.783	22.510
410	188.580	12.879
411	144.646	118.815
412	37.452	9.589
413	54.592	98.508
414	140.458	62.166
415	148.387	53.578
416	192.853	71.291
417	64.699	145.811
418	175.799	193.927
419	131.205	96.634
420	111.802	102.121
421	13.062	166.478
422	151.720	46.925
423	146.312	179.778
424	124.693	133.592
425	137.162	51.936
426	182.214	114.371
427	8.643	174.566
428	67.586	105.148
429	75.692	115.036
430	42.024	132.151
431	130.058	186.883
432	198.651	114.957
433	116.190	147.056
434	195.593	192.145
435	179.443	176.434
436	139.543	195.679
437	67.708	199.756
438	50.905	180.486
439	167.913	101.279
440	41.847	15.247
441	158.458	92.392
442	38.472	140.861
443	158.959	187.396
444	178.442	102.670
445	158.477	43.770
446	115.165	162.792
447	3.565	123.167
448	159.935	198.779
449	127.274	29.261
450	93.167	194.873
451	100.443	178.948
452	176.061	132.041
453	186.505	62.832
454	193.866	183.123
455	181.097	51.576
456	62.075	19.312
457	117.600	4.071
458	26.746	134.208
459	120.042	33.906
460	190.191	191.656
461	184.442	90.237
462	193.335	103.745
463	169.951	109.360
464	185.949	45.076
465	181.017	193.280
466	116.050	109.598
467	21.790	171.429
468	69.643	16.334
469	104.074	1.868
470	92.160	170.128
471	89.999	168.212
472	22.736	83.731
473	50.764	128.440
474	172.674	67.495
475	22.614	171.978
476	179.247	192.865
477	141.331	141.197
478	66.219	35.932
479	36.476	173.644
480	42.158	7.410
481	66.720	121.177
482	67.989	175.042
483	77.334	2.350
484	124.839	184.948
485	61.275	144.255
486	13.623	188.037
487	5.023	169.994
488	17.432	177.691
489	100.394	88.192
490	58.126	45.076
491	3.644	40.693
492	78.280	158.287
493	123.136	164.666
494	79.769	171.508
495	16.669	125.431
496	150.304	70.595
497	79.940	176.281
498	108.994	161.162
499	7.147	101.468
500	102.432	5.493
501	5.243	98.624
502	182.324	14.624
503	42.830	156.957
504	196.020	101.627
505	115.159	187.298
506	21.253	102.548
507	6.336	60.445
508	76.199	171.184
509	130.100	9.912
510	136.192	53.877
511	130.314	155.400
512	188.354	50.703
513	22.480	3.174
514	155.333	169.189
515	157.585	79.745
516	19.471	76.864
517	189.343	154.881
518	178.576	158.940
519	126.316	10.407
520	164.592	87.228
521	49.995	10.944
522	156.432	6.745
523	180.157	32.820
524	18.171	146.049
525	68.728	7.459
526	93.924	157.701
527	3.418	35.469
528	90.536	195.050
529	2.405	127.696
530	79.507	31.587
531	81.216	129.435
532	149.242	29.176
533	173.180	84.158
534	138.957	61.245
535	184.625	192.901
536	185.510	197.449
537	166.088	25.599
538	114.292	55.782
539	80.819	140.696
540	5.615	28.645
541	151.750	169.073
542	167.669	88.882
543	68.276	118.827
544	47.334	182.183
545	34.022	156.920
546	110.282	112.088
547	136.894	24.018
548	21.278	123.807
549	22.633	138.859
550	156.297	93.094
551	153.154	148.228
552	177.374	126.456
553	30.860	178.973
554	101.730	78.988
555	70.284	148.173
556	196.210	195.972
557	98.172	187.762
558	128.367	184.582
559	163.408	139.885
560	105.478	121.928
561	37.880	179.174
562	32.661	105.655
563	89.700	118.235
564	21.387	53.389
565	109.830	52.608
566	79.653	157.256
567	173.571	101.431
568	115.036	199.707
569	118.009	100.003
570	81.869	36.964
571	116.764	0.610
572	3.839	56.276
573	133.232	37.800
574	103.220	113.211
575	133.580	14.319
576	167.943	155.351
577	40.791	164.037
578	187.915	38.502
579	110.971	148.064
580	191.601	141.795
581	113.126	40.315
582	114.365	87.765
583	193.756	58.821
584	29.603	173.882
585	7.447	98.904
586	174.108	21.558
587	194.726	24.635
588	98.703	49.062
589	188.421	174.712
590	175.677	74.422
591	29.817	39.058
592	193.963	54.762
593	175.811	162.340
594	73.537	68.117
595	178.301	30.738
596	30.207	144.151
597	17.145	198.126
598	21.986	49.904
599	167.876	7.947
600	8.435	36.915
601	185.369	167.138
602	54.060	55.861
603	84.872	128.098
604	7.190	45.076
605	101.486	135.258
606	185.430	199.133
607	109.409	92.270
608	199.005	23.725
609	82.241	106.168
610	143.303	83.206
611	75.515	64.754
612	91.751	46.828
613	112.760	103.409
614	120.359	140.220
615	56.319	117.606
616	195.129	8.014
617	44.197	177.398
618	153.636	94.229
619	174.181	0.104
620	111.991	146.336
621	16.425	137.455
622	128.428	149.492
623	35.871	33.375
624	54.799	97.061
625	105.649	8.844
626	7.208	103.739
627	192.718	129.850
628	187.030	67.470
629	197.089	14.826
630	83.541	186.480
631	25.739	137.840
632	189.532	137.608
633	82.626	83.639
634	60.952	22.242
635	55.855	111.032
636	51.997	86.074
637	183.483	80.569
638	156.871	118.912
639	78.982	103.061
640	89.340	140.837
641	97.830	164.965
642	31.526	80.947
643	126.237	87.008
644	183.074	54.939
645	173.492	72.268
646	141.862	147.722
647	49.043	199.951
648	47.755	107.382
649	105.576	121.079
650	120.396	56.758
651	129.362	112.479
652	122.398	28.809
653	159.148	145.122
654	179.211	32.044
655	114.768	123.240
656	86.837	52.351
657	16.840	150.334
658	138.768	97.299
659	78.652	178.460
660	3.168	89.377
661	51.595	96.878
662	81.881	114.231
663	105.380	16.486
664	82.150	30.280
665	24.232	6.159
666	32.606	145.872
667	0.409	37.306
668	74.593	170.287
669	6.159	192.883
670	60.128	144.816
671	25.501	97.085
672	87.783	160.179
673	127.000	22.047
674	7.672	166.509
675	58.821	27.692
676	26.875	82.144
677	147.276	191.046
678	46.437	107.541
679	180.145	81.252
680	61.324	50.496
681	56.032	136.595
682	54.469	168.926
683	80.966	99.631
684	116.257	137.504
685	93.527	166.863
686	20.582	44.362
687	99.710	9.027
688	188.897	24.134
689	198.859	118.442
690	73.275	33.546
691	81.820	39.448
692	89.975	175.872
693	82.638	138.408
694	134.599	80.435
695	64.986	69.289
696	10.126	143.461
697	124.650	191.333
698	199.121	136.515
699	189.245	94.815
700	111.301	188.714
701	96.481	91.330
702	37.776	49.104
703	32.160	24.732
704	143.162	35.279
705	109.214	59.084
706	126.817	174.645
707	168.993	199.719
708	84.506	144.444
709	186.065	3.858
710	1.679	116.941
711	157.811	36.897
712	9.656	115.867
713	60.012	130.583
714	35.932	190.484
715	149.705	199.469
716	179.894	13.422
717	196.527	71.810
718	45.149	8.698
719	123.893	91.140
720	159.807	15.937
721	41.133	144.804
722	115.818	197.266
723	147.917	75.723
724	158.763	192.981
725	92.160	133.555
726	59.261	32.344
727	62.764	21.632
728	197.284	5.658
729	198.315	195.801
730	90.555	3.925
731	193.060	171.453
732	98.447	132.383
733	81.393	95.065
734	132.395	104.050
735	82.174	136.406
736	104.306	19.660
737	83.926	157.695
738	144.029	40.120
739	52.437	15.955
740	117.283	157.866
741	141.807	154.875
742	75.167	173.186
743	190.252	42.293
744	166.594	82.022
745	181.982	109.690
746	44.868	181.201
747	156.267	149.876
748	99.631	97.592
749	145.097	29.109
750	145.470	47.322
751	20.527	69.961
752	98.392	131.266
753	33.137	161.071
754	71.468	173.205
755	122.642	150.157
756	20.856	106.717
757	182.116	176.470
758	173.461	17.237
759	156.920	98.917
760	167.449	45.387
761	159.691	76.205
762	137.004	57.888
763	82.546	55.098
764	72.359	92.306
765	87.857	23.218
766	86.563	81.918
767	58.736	182.482
768	120.042	66.823
769	190.582	99.521
770	114.396	197.717
771	4.865	189.312
772	186.541	138.420
773	166.460	188.226
774	34.462	173.547
775	185.675	172.814
776	105.948	27.461
777	186.383	180.554
778	161.345	100.839
779	21.363	188.739
780	161.803	131.028
781	116.184	107.907
782	114.121	182.501
783	122.819	145.891
784	3.479	173.650
785	164.312	198.877
786	45.314	46.132
787	151.708	25.648
788	187.603	183.093
789	154.454	61.281
790	94.754	182.379
791	105.655	26.521
792	144.450	191.174
793	23.231	189.184
794	68.526	108.158
795	28.425	33.650
796	169.378	59.505
797	142.821	194.940
798	142.851	54.970
799	145.054	13.355
800	39.192	30.293
801	68.636	166.216
802	192.993	182.183
803	21.986	132.670
804	53.591	2.118
805	111.979	148.039
806	147.160	115.275
807	152.275	3.851
808	101.553	130.711
809	137.669	149.809
810	165.447	9.174
811	165.703	53.951
812	152.739	154.741
813	186.755	77.328
814	43.690	136.497
815	63.961	19.306
816	173.907	46.583
817	124.113	189.868
818	42.421	0.818
819	80.801	165.093
820	70.309	188.128
821	111.136	82.138
822	140.739	175.030
823	167.174	29.841
824	52.113	71.517
825	103.385	191.382
826	115.220	64.498
827	101.401	94.998
828	25.813	124.986
829	173.235	29.353
830	43.843	195.477
831	24.323	179.418
832	10.590	63.582
833	57.546	139.409
834	34.889	28.285
835	199.493	158.916
836	179.785	164.989
837	130.308	178.472
838	180.828	95.651
839	198.260	10.797
840	127.244	70.284
841	0.299	124.100
842	137.248	65.969
843	109.977	183.410
844	158.763	109.745
845	133.757	6.525
846	126.756	131.571
847	177.172	90.609
848	8.484	153.606
849	101.993	165.679
850	167.888	122.037
851	55.641	131.376
852	180.316	187.835
853	54.109	33.174
854	128.983	142.448
855	99.673	34.272
856	114.280	14.948
857	14.606	39.430
858	7.154	136.686
859	72.158	127.036
860	178.008	79.769
861	6.055	45.619
862	32.118	175.701
863	79.763	131.059
864	83.071	20.203
865	196.765	100.742
866	195.178	70.797
867	133.091	80.947
868	126.432	143.040
869	73.409	123.655
870	3.040	111.942
871	131.828	169.060
872	56.832	24.696
873	38.728	110.074
874	56.825	130.985
875	74.899	114.994
876	166.204	37.062
877	34.132	64.638
878	55.892	90.005
879	95.639	60.183
880	6.061	198.212
881	187.414	57.942
882	26.765	194.543
883	121.928	187.384
884	128.941	148.228
885	85.330	8.533
886	177.074	131.913
887	161.370	65.200
888	54.762	49.977
889	71.352	189.984
890	174.407	34.468
891	11.414	117.649
892	62.276	14.869
893	168.242	62.868
894	50.258	167.901
895	194.568	18.665
896	5.445	53.682
897	25.739	31.861
898	128.922	144.487
899	118.491	11.652
900	154.875	152.287
901	93.240	127.732
902	181.396	61.397
903	61.190	154.003
904	64.162	72.469
905	17.402	14.356
906	4.266	163.988
907	181.170	86.605
908	61.391	77.706
909	64.852	120.811
910	23.670	34.046
911	152.574	128.428
912	165.459	183.935
913	169.811	98.325
914	124.155	103.098
915	25.361	96.011
916	27.515	135.331
917	6.751	2.362
918	102.573	90.683
919	110.446	48.012
920	97.397	105.112
921	88.070	199.670
922	147.056	167.632
923	89.871	154.729
924	14.954	121.311
925	86.734	0.238
926	140.837	44.349
927	151.933	92.636
928	26.557	17.518
929	183.929	14.405
930	191.217	184.112
931	151.384	163.933
932	26.423	108.744
933	41.737	34.840
934	183.447	141.301
935	194.543	141.032
936	23.054	192.108
937	0.775	43.605
938	159.648	24.744
939	49.483	36.128
940	30.647	72.683
941	102.860	144.176
942	122.684	85.971
943	181.176	195.727
944	185.498	14.270
945	138.652	18.439
946	65.114	32.478
947	11.640	120.151
948	87.381	115.152
949	120.322	108.798
950	23.072	66.024
951	5.121	8.100
952	166.008	8.881
953	179.217	125.138
954	155.181	45.930
955	178.228	26.160
956	72.378	90.091
957	88.491	76.876
958	46.419	177.319
959	35.072	103.360
960	95.236	65.242
961	10.779	30.012
962	37.123	24.433
963	127.482	50.661
964	2.423	28.425
965	70.870	189.135
966	176.788	48.903
967	40.089	5.524
968	107.346	62.130
969	153.313	104.459
970	3.034	73.025
971	0.549	1.453
972	160.314	163.030
973	125.114	3.870
974	145.500	68.044
975	114.652	62.465
976	65.011	92.758
977	83.383	49.947
978	154.741	67.440
979	26.478	22.687
980	19.849	153.710
981	27.998	121.982
982	156.151	5.206
983	3.595	70.858
984	84.420	89.792
985	159.246	123.026
986	128.855	79.128
987	47.182	19.849
988	170.867	112.241
989	0.464	11.921
990	9.607	39.064
991	27.186	101.224
992	60.292	50.368
993	145.763	160.326
994	21.729	0.226
995	42.482	84.738
996	44.197	27.357
997	32.582	34.736
998	28.993	181.481
999	6.043	122.898
1000	190.851	61.055
1001	139.451	3.540
1002	114.518	168.590
1003	55.080	120.475
1004	36.702	189.740
1005	8.551	69.045
1006	184.698	102.530
1007	186.206	29.048
1008	102.823	122.892
1009	93.466	124.473
1010	198.108	192.761
1011	115.574	66.524
1012	36.256	17.011
1013	31.733	136.045
1014	19.379	155.498
1015	164.080	61.678
1016	176.476	176.366
1017	142.607	49.971
1018	98.160	177.001
1019	167.455	123.679
1020	146.751	78.768
1021	149.620	24.506
1022	172.967	1.849
1023	11.475	36.616
1024	70.571	126.402
1025	128.306	186.981
1026	0.116	146.263
1027	192.096	179.052
1028	13.068	121.549
1029	78.829	115.799
1030	107.639	36.293
1031	0.592	168.517
1032	47.401	67.397
1033	123.649	47.511
1034	174.169	71.206
1035	133.769	31.074
1036	146.159	93.838
1037	130.149	8.832
1038	32.856	11.689
1039	129.032	95.853
1040	97.769	108.206
1041	158.342	73.672
1042	100.278	93.197
1043	24.628	14.539
1044	47.932	171.087
1045	133.488	145.140
1046	30.335	64.150
1047	44.752	105.948
1048	65.987	197.113
1049	143.754	62.624
1050	193.182	149.303
1051	109.732	25.532
1052	136.351	180.694
1053	162.896	33.790
1054	179.077	137.956
1055	171.148	159.935
1056	174.895	146.867
1057	197.882	191.626
1058	127.354	197.290
1059	172.021	146.489
1060	70.376	27.009
1061	61.568	76.455
1062	80.306	10.602
1063	31.953	117.777
1064	150.835	59.676
1065	170.360	43.001
1066	162.072	40.632
1067	57.314	71.157
1068	74.996	116.343
1069	166.845	192.389
1070	182.562	117.801
1071	176.342	163.280
1072	148.674	152.202
1073	167.473	29.170
1074	66.347	153.514
1075	199.347	129.630
1076	66.195	181.945
1077	35.194	43.397
1078	106.607	178.442
1079	103.842	29.054
1080	76.791	180.548
1081	77.139	17.609
1082	43.983	105.802
1083	144.725	113.309
1084	176.006	109.030
1085	167.248	58.895
1086	170.513	19.636
1087	189.398	21.564
1088	122.092	65.273
1089	93.930	155.895
1090	58.522	188.092
1091	77.950	99.948
1092	77.438	159.764
1093	132.749	60.854
1094	114.573	1.685
1095	8.319	46.077
1096	74.972	116.404
1097	44.038	96.658
1098	158.300	36.647
1099	146.428	78.603
1100	109.543	198.267
1101	95.596	88.833
1102	26.374	43.117
1103	61.336	31.709
1104	54.366	58.400
1105	110.306	22.620
1106	1.386	58.480
1107	185.430	174.682
1108	2.380	115.598
1109	138.829	24.964
1110	65.761	45.631
1111	99.545	156.401
1112	32.716	55.184
1113	157.225	71.584
1114	180.657	56.270
1115	43.135	74.899
1116	2.033	54.793
1117	189.636	18.970
1118	189.856	119.156
1119	49.434	71.896
1120	160.985	135.142
1121	55.910	161.431
1122	148.711	53.413
1123	105.606	52.315
1124	195.587	35.823
1125	144.322	113.132
1126	78.011	6.806
1127	137.901	128.806
1128	93.637	16.089
1129	9.131	15.107
1130	142.930	119.010
1131	21.809	191.308
1132	36.140	180.627
1133	193.353	67.318
1134	56.887	109.909
1135	17.219	1.544
1136	113.675	130.314
1137	76.302	185.656
1138	110.483	192.865
1139	28.578	12.586
1140	67.824	138.072
1141	146.330	183.990
1142	25.385	112.992
1143	90.054	113.364
1144	57.588	49.550
1145	98.453	81.179
1146	33.265	110.465
1147	75.661	98.190
1148	50.771	109.000
1149	156.999	133.152
1150	179.681	8.783
1151	34.462	61.330
1152	40.407	109.989
1153	23.280	189.880
1154	52.974	28.034
1155	150.688	116.483
1156	86.142	71.206
1157	48.238	177.429
1158	138.212	123.222
1159	128.898	41.353
1160	180.670	37.257
1161	30.103	105.008
1162	196.051	47.487
1163	4.157	47.157
1164	141.105	4.425
1165	37.068	196.991
1166	66.677	140.440
1167	177.197	73.171
1168	125.425	171.471
1169	54.903	149.925
1170	98.697	41.420
1171	74.508	6.238
1172	173.840	115.366
1173	59.658	114.597
1174	3.052	127.781
1175	33.583	25.336
1176	175.237	92.154
1177	115.281	3.040
1178	131.907	78.164
1179	13.013	71.072
1180	58.547	62.661
1181	96.304	120.585
1182	182.574	160.790
1183	127.683	40.242
1184	9.186	43.318
1185	35.481	122.874
1186	126.414	46.724
1187	8.881	105.344
1188	110.446	181.927
1189	96.457	97.879
1190	162.737	148.204
1191	189.514	159.105
1192	9.882	158.428
1193	171.410	172.991
1194	97.726	81.838
1195	114.194	184.051
1196	10.767	110.703
1197	103.702	46.968
1198	148.320	56.978
1199	174.462	146.971
1200	188.446	85.366
1201	135.575	47.053
1202	171.123	188.928
1203	168.908	18.525
1204	131.761	13.507
1205	180.761	110.935
1206	116.337	137.266
1207	188.336	117.716
1208	109.482	11.505
1209	122.166	93.808
1210	106.644	69.118
1211	125.895	181.445
1212	61.684	6.800
1213	134.501	0.409
1214	141.105	147.429
1215	12.299	159.032
1216	16.150	88.662
1217	31.977	142.058
1218	24.091	144.243
1219	175.915	131.779
1220	129.820	183.996
1221	40.931	18.635
1222	119.175	179.015
1223	27.943	157.457
1224	155.126	58.095
1225	197.485	125.694
1226	128.043	181.841
1227	72.597	39.863
1228	131.462	40.455
1229	170.202	86.416
1230	94.388	81.790
1231	142.228	23.347
1232	101.559	75.533
1233	107.761	108.701
1234	32.826	120.145
1235	57.485	12.336
1236	52.913	98.514
1237	111.594	167.144
1238	182.830	88.717
1239	112.503	115.885
1240	84.164	136.137
1241	133.549	110.111
1242	87.558	93.100
1243	185.009	117.179
1244	196.515	132.432
1245	98.544	91.763
1246	97.855	40.968
1247	71.511	68.087
1248	110.135	99.533
1249	52.223	129.069
1250	101.096	55.354
1251	47.468	8.686
1252	105.588	193.439
1253	133.616	183.837
1254	75.106	12.915
1255	52.400	11.792
1256	90.201	114.805
1257	172.796	169.768
1258	67.074	7.245
1259	100.082	152.501
1260	89.505	34.712
1261	113.523	84.469
1262	197.467	137.138
1263	113.694	2.680
1264	163.610	45.473
1265	60.921	66.494
1266	88.900	19.837
1267	185.949	50.569
1268	148.631	136.393
1269	154.118	177.361
1270	120.090	29.395
1271	64.296	45.241
1272	23.096	94.540
1273	63.894	108.609
1274	104.727	59.877
1275	61.049	66.182
1276	99.356	130.564
1277	115.384	13.788
1278	195.410	13.684
1279	188.531	117.801
1280	39.955	29.432
1281	35.658	65.548
1282	12.494	14.820
1283	119.260	48.958
1284	99.081	26.258
1285	126.456	137.614
1286	198.102	147.185
1287	171.093	197.522
1288	188.958	7.044
1289	61.788	11.841
1290	194.910	117.838
1291	117.356	159.850
1292	171.233	34.480
1293	110.617	110.257
1294	50.124	45.283
1295	22.059	85.372
1296	173.412	198.724
1297	184.503	152.080
1298	44.404	172.777
1299	99.997	96.109
1300	130.241	193.170
1301	110.269	135.734
1302	145.714	106.571
1303	1.923	31.172
1304	150.127	15.247
1305	127.659	45.924
1306	88.235	179.217
1307	124.729	116.343
1308	106.552	192.218
1309	11.969	85.629
1310	76.327	137.840
1311	146.556	158.568
1312	54.445	131.895
1313	21.747	33.143
1314	113.382	157.421
1315	186.993	65.487
1316	71.633	198.486
1317	71.413	124.119
1318	155.742	179.083
1319	192.206	90.005
1320	125.211	113.346
1321	128.922	58.565
1322	91.604	173.363
1323	145.116	199.792
1324	162.975	80.776
1325	38.435	132.933
1326	144.957	128.501
1327	100.534	171.807
1328	29.792	38.771
1329	167.962	97.092
1330	104.434	163.726
1331	45.326	11.841
1332	9.058	34.846
1333	82.015	136.399
1334	177.264	167.504
1335	183.587	99.069
1336	189.074	126.774
1337	39.277	178.716
1338	68.154	160.875
1339	46.742	55.550
1340	54.415	8.405
1341	115.262	126.426
1342	83.206	185.693
1343	28.779	140.764
1344	102.432	160.424
1345	149.944	13.489
1346	58.821	117.905
1347	146.361	171.160
1348	84.567	126.127
1349	120.438	87.478
1350	115.604	5.866
1351	23.957	164.660
1352	72.799	112.223
1353	138.652	16.572
1354	37.257	133.598
1355	104.068	110.227
1356	151.054	114.615
1357	73.934	21.625
1358	74.526	9.052
1359	82.321	62.368
1360	131.596	169.158
1361	0.745	133.183
1362	174.059	77.438
1363	167.656	160.668
1364	96.432	127.451
1365	71.297	173.504
1366	32.331	159.465
1367	167.479	174.328
1368	163.756	157.634
1369	13.221	63.607
1370	174.566	14.624
1371	197.803	171.691
1372	79.287	170.153
1373	52.205	55.306
1374	58.614	29.505
1375	18.421	114.792
1376	32.746	168.535
1377	59.688	88.229
1378	3.894	31.043
1379	193.072	178.863
1380	99.210	125.193
1381	125.480	71.847
1382	145.268	24.812
1383	74.545	196.863
1384	105.545	182.189
1385	155.425	92.514
1386	11.945	58.303
1387	14.905	29.048
1388	121.799	177.013
1389	94.070	145.488
1390	131.425	9.204
1391	0.616	57.454
1392	177.630	93.374
1393	172.326	191.986
1394	58.357	98.697
1395	112.674	5.469
1396	3.681	36.988
1397	180.090	141.173
1398	28.486	129.716
1399	11.805	82.321
1400	198.016	136.338
1401	163.939	157.250
1402	37.544	50.233
1403	48.604	52.657
1404	17.493	168.462
1405	149.767	91.427
1406	145.140	41.560
1407	198.682	31.037
1408	194.220	109.751
1409	90.451	39.003
1410	3.687	131.614
1411	22.822	1.483
1412	176.891	11.707
1413	38.490	21.357
1414	12.311	133.189
1415	52.168	62.008
1416	197.272	1.758
1417	143.693	193.023
1418	95.737	107.254
1419	198.352	194.140
1420	161.541	8.985
1421	75.790	173.656
1422	108.213	151.231
1423	188.635	157.463
1424	166.735	14.960
1425	72.127	105.136
1426	62.404	112.265
1427	26.093	109.140
1428	42.128	29.481
1429	10.315	33.558
1430	183.319	25.520
1431	74.783	148.460
1432	115.671	191.400
1433	105.875	16.272
1434	187.170	77.462
1435	169.860	186.346
1436	5.353	194.354
1437	34.883	153.923
1438	185.351	94.113
1439	152.751	139.897
1440	35.664	37.574
1441	81.668	147.453
1442	13.269	154.369
1443	31.324	51.924
1444	78.939	101.688
1445	111.435	180.163
1446	184.313	128.251
1447	165.044	135.484
1448	21.815	149.449
1449	167.913	124.735
1450	68.715	140.202
1451	75.088	143.394
1452	56.606	51.552
1453	96.048	75.259
1454	97.482	157.378
1455	79.562	62.770
1456	197.736	37.416
1457	189.630	4.279
1458	191.290	102.896
1459	153.612	134.574
1460	23.109	70.949
1461	63.955	144.804
1462	14.380	94.150
1463	14.600	198.132
1464	40.553	151.347
1465	153.490	97.336
1466	53.517	6.073
1467	32.258	160.643
1468	79.208	138.847
1469	34.516	61.934
1470	121.824	159.429
1471	163.848	191.760
1472	105.924	105.539
1473	172.808	195.215
1474	87.716	134.074
1475	114.286	43.074
1476	66.683	11.145
1477	96.249	92.380
1478	28.846	107.266
1479	121.360	92.685
1480	153.001	103.775
1481	192.541	194.299
1482	10.956	116.923
1483	165.831	114.701
1484	93.326	45.723
1485	131.797	119.456
1486	91.806	49.922
1487	6.616	173.778
1488	69.460	164.269
1489	114.267	121.067
1490	150.078	155.370
1491	40.931	44.661
1492	57.949	27.400
1493	142.949	69.039
1494	139.286	82.870
1495	189.471	156.713
1496	196.503	144.682
1497	121.238	157.067
1498	166.674	45.839
1499	6.519	63.430
1500	175.378	192.956
1501	175.628	134.599
1502	197.143	109.775
1503	15.155	37.007
1504	53.822	167.156
1505	3.314	63.924
1506	182.122	5.493
1507	67.397	187.823
1508	101.450	56.093
1509	44.899	2.167
1510	13.501	67.501
1511	129.325	109.000
1512	64.657	43.251
1513	82.022	8.344
1514	102.542	97.177
1515	91.281	45.949
1516	58.022	32.521
1517	59.993	75.381
1518	183.764	151.134
1519	2.997	190.875
1520	80.740	99.014
1521	135.508	187.127
1522	143.852	54.439
1523	133.763	102.286
1524	157.976	64.852
1525	149.248	100.418
1526	75.582	38.942
1527	57.582	49.605
1528	107.327	199.933
1529	123.569	52.101
1530	156.713	106.528
1531	163.335	82.614
1532	130.186	47.688
1533	185.150	191.064
1534	153.880	117.411
1535	189.904	26.038
1536	28.181	175.927
1537	112.644	135.234
1538	151.543	3.406
1539	186.370	199.054
1540	44.563	52.553
1541	109.342	53.670
1542	105.844	106.223
1543	97.147	59.822
1544	130.607	46.394
1545	0.812	73.531
1546	23.548	40.736
1547	172.143	175.042
1548	37.031	152.953
1549	57.588	12.165
1550	165.935	83.267
1551	1.904	114.438
1552	30.396	45.192
1553	42.787	34.095
1554	77.694	84.878
1555	177.807	70.345
1556	34.516	49.324
1557	84.805	33.070
1558	40.864	109.635
1559	177.160	2.197
1560	196.869	45.601
1561	174.938	139.097
1562	153.703	197.900
1563	73.409	106.076
1564	79.971	94.070
1565	90.048	150.462
1566	34.620	54.610
1567	71.279	9.241
1568	77.847	185.382
1569	140.251	90.780
1570	151.073	62.569
1571	66.903	89.663
1572	57.363	116.538
1573	141.514	91.012
1574	173.461	20.698
1575	33.021	120.536
1576	24.689	91.726
1577	13.367	196.490
1578	154.057	7.355
1579	29.109	39.851
1580	16.669	48.036
1581	1.532	98.965
1582	130.894	168.603
1583	36.543	44.874
1584	17.261	106.302
1585	125.578	193.628
1586	156.682	31.446
1587	18.751	11.725
1588	98.898	146.831
1589	51.582	161.144
1590	152.702	142.210
1591	6.384	39.882
1592	188.946	110.215
1593	189.795	74.673
1594	187.738	29.713
1595	7.447	121.714
1596	61.055	23.115
1597	17.280	31.941
1598	181.945	93.637
1599	142.485	137.016
1600	151.628	149.028
1601	25.581	112.204
1602	35.780	17.743
1603	4.700	172.539
1604	1.166	64.064
1605	93.381	58.345
1606	183.923	108.194
1607	45.155	166.540
1608	120.725	57.753
1609	84.140	83.859
1610	174.139	156.816
1611	182.897	78.280
1612	83.279	58.797
1613	68.783	4.907
1614	71.218	29.389
1615	40.120	182.574
1616	40.162	85.867
1617	173.321	97.354
1618	85.885	178.924
1619	2.319	89.328
1620	62.453	23.377
1621	51.527	78.768
1622	28.681	83.938
1623	103.476	88.052
1624	107.389	122.282
1625	182.598	15.485
1626	188.885	11.750
1627	136.161	17.408
1628	9.766	25.831
1629	193.793	154.637
1630	38.417	106.760
1631	186.731	59.731
1632	98.355	120.383
1633	8.094	81.149
1634	160.753	3.699
1635	195.471	60.573
1636	37.306	11.145
1637	16.889	199.811
1638	4.804	165.972
1639	141.752	173.217
1640	92.544	122.996
1641	77.584	142.277
1642	63.869	148.869
1643	54.201	28.211
1644	23.176	26.234
1645	136.296	99.142
1646	79.489	187.909
1647	45.827	27.918
1648	197.937	87.393
1649	75.472	76.919
1650	70.388	112.058
1651	174.212	166.027
1652	136.515	44.990
1653	186.596	80.093
1654	186.377	182.086
1655	126.634	172.088
1656	76.034	110.324
1657	67.794	18.177
1658	187.231	53.768
1659	130.241	181.054
1660	162.438	193.255
1661	146.538	137.693
1662	146.629	66.231
1663	87.210	127.799
1664	66.866	52.968
1665	27.247	179.247
1666	181.066	55.208
1667	134.904	66.659
1668	27.107	173.797
1669	63.997	59.536
1670	3.699	91.299
1671	31.013	15.961
1672	113.974	165.966
1673	158.153	78.390
1674	103.342	143.291
1675	163.732	127.543
1676	122.703	91.379
1677	181.011	50.801
1678	148.289	66.408
1679	186.889	181.304
1680	89.395	114.414
1681	21.479	163.964
1682	15.271	115.622
1683	80.123	4.718
1684	32.392	77.688
1685	58.730	159.264
1686	43.361	183.911
1687	34.046	17.383
1688	118.705	2.850
1689	59.841	39.375
1690	112.839	165.532
1691	160.387	100.546
1692	55.391	116.373
1693	102.469	100.247
1694	149.156	44.331
1695	27.131	191.607
1696	105.985	0.287
1697	122.483	88.144
1698	51.784	107.028
1699	18.708	3.687
1700	131.907	68.038
1701	86.660	81.674
1702	48.170	81.442
1703	121.140	70.162
1704	58.840	165.184
1705	190.301	98.837
1706	72.616	199.841
1707	132.182	114.164
1708	168.175	95.236
1709	79.897	29.035
1710	170.190	187.170
1711	96.481	143.120
1712	13.373	70.425
1713	100.809	90.121
1714	125.614	174.389
1715	165.764	68.300
1716	161.437	87.472
1717	169.903	10.407
1718	117.215	136.680
1719	83.938	49.342
1720	159.227	28.382
1721	73.196	135.734
1722	195.807	56.801
1723	97.317	163.768
1724	124.961	86.215
1725	188.543	61.440
1726	188.574	13.318
1727	89.700	1.526
1728	164.544	115.873
1729	33.259	189.483
1730	28.004	193.927
1731	142.601	184.552
1732	13.019	109.879
1733	36.824	10.364
1734	105.814	33.662
1735	120.347	11.213
1736	100.974	199.158
1737	138.469	110.257
1738	51.784	78.274
1739	80.258	25.959
1740	45.912	178.826
1741	9.894	102.982
1742	137.767	172.454
1743	107.828	113.761
1744	168.712	158.959
1745	102.902	87.045
1746	106.485	173.107
1747	176.824	119.657
1748	34.956	140.373
1749	122.050	27.680
1750	25.526	187.671
1751	34.498	193.341
1752	21.430	115.439
1753	122.300	63.881
1754	166.204	137.358
1755	111.722	58.614
1756	107.468	93.802
1757	31.703	140.422
1758	107.456	45.466
1759	58.119	7.971
1760	91.354	53.230
1761	199.042	164.898
1762	64.797	50.661
1763	102.268	22.126
1764	31.782	15.339
1765	166.448	89.749
1766	44.185	145.231
1767	36.818	14.502
1768	114.206	46.413
1769	67.122	119.297
1770	20.923	38.380
1771	28.669	0.824
1772	142.271	183.160
1773	47.963	41.774
1774	143.602	144.523
1775	54.115	193.609
1776	54.213	83.511
1777	117.222	86.367
1778	162.969	96.554
1779	159.026	21.680
1780	64.290	2.399
1781	17.127	105.210
1782	85.861	184.136
1783	143.944	74.770
1784	29.145	92.520
1785	121.616	80.465
1786	54.097	116.947
1787	74.313	172.979
1788	39.241	30.140
1789	158.922	156.322
1790	48.390	113.034
1791	15.589	161.327
1792	35.261	165.874
1793	159.258	196.039
1794	17.243	112.015
1795	193.420	29.316
1796	49.519	0.433
1797	27.473	63.961
1798	30.873	113.407
1799	178.771	155.431
1800	72.359	185.461
1801	140.715	32.588
1802	60.103	39.906
1803	98.117	76.656
1804	143.553	49.257
1805	171.062	114.566
1806	180.279	125.651
1807	68.563	183.062
1808	68.728	47.621
1809	133.207	119.730
1810	0.140	29.499
1811	58.052	137.266
1812	160.765	139.567
1813	57.094	37.141
1814	115.806	73.342
1815	170.458	19.025
1816	6.195	88.156
1817	85.592	142.125
1818	189.587	5.347
1819	155.791	194.745
1820	56.612	86.258
1821	197.137	28.278
1822	53.945	88.284
1823	145.317	111.972
1824	45.088	107.321
1825	153.380	164.531
1826	40.419	112.735
1827	11.756	19.007
1828	27.564	181.182
1829	71.865	177.148
1830	133.464	135.466
1831	154.405	9.363
1832	49.263	194.812
1833	23.688	56.777
1834	149.413	142.631
1835	109.299	191.339
1836	36.097	18.134
1837	56.130	90.487
1838	140.361	38.087
1839	184.375	182.507
1840	111.075	154.790
1841	40.321	118.772
1842	23.084	156.700
1843	119.626	129.295
1844	135.710	117.893
1845	143.907	117.618
1846	32.923	102.561
1847	172.259	51.497
1848	76.412	130.857
1849	128.690	105.502
1850	2.728	112.333
1851	26.850	111.802
1852	195.917	153.154
1853	73.299	175.445
1854	66.707	143.486
1855	130.503	10.309
1856	69.668	31.086
1857	120.853	52.028
1858	189.404	87.600
1859	52.986	104.099
1860	27.241	173.589
1861	51.576	173.449
1862	119.523	108.664
1863	71.920	51.717
1864	18.744	152.989
1865	80.514	98.502
1866	168.920	106.302
1867	182.922	182.757
1868	106.235	30.805
1869	80.136	38.679
1870	16.437	104.117
1871	134.733	192.334
1872	180.090	8.533
1873	28.016	115.140
1874	136.876	162.926
1875	89.431	160.662
1876	100.449	3.388
1877	79.507	140.776
1878	54.817	19.056
1879	107.547	97.580
1880	63.619	149.144
1881	65.352	127.238
1882	23.615	47.645
1883	58.205	12.049
1884	193.469	21.851
1885	14.374	116.953
1886	129.258	150.902
1887	154.350	106.729
1888	157.817	190.692
1889	101.132	140.178
1890	19.263	171.380
1891	112.809	97.470
1892	9.876	93.680
1893	18.555	97.000
1894	56.630	30.268
1895	139.531	57.869
1896	54.640	38.502
1897	175.634	164.409
1898	98.703	190.710
1899	139.683	188.806
1900	140.287	128.294
1901	120.017	128.288
1902	101.096	45.991
1903	152.861	112.931
1904	174.590	112.369
1905	185.754	40.468
1906	146.587	32.936
1907	13.190	94.259
1908	66.311	162.078
1909	165.856	0.757
1910	99.045	70.095
1911	34.516	182.653
1912	91.653	171.526
1913	10.034	63.967
1914	82.321	121.073
1915	120.560	83.377
1916	85.604	183.374
1917	147.307	71.944
1918	184.161	82.803
1919	100.058	151.616
1920	58.370	139.647
1921	33.674	10.596
1922	185.095	198.822
1923	86.923	112.015
1924	36.799	157.469
1925	124.766	91.946
1926	112.375	197.559
1927	65.419	103.220
1928	130.772	129.881
1929	73.495	161.132
1930	18.848	155.596
1931	100.296	47.377
1932	24.580	51.601
1933	152.739	28.443
1934	186.895	85.983
1935	171.953	144.700
1936	93.405	69.820
1937	102.963	126.402
1938	157.305	51.503
1939	36.592	92.978
1940	144.633	59.969
1941	4.895	91.708
1942	183.197	2.936
1943	111.386	32.112
1944	184.338	126.518
1945	177.197	72.341
1946	108.927	142.369
1947	184.613	13.666
1948	8.643	28.724
1949	99.051	159.563
1950	74.001	11.451
1951	150.835	195.361
1952	20.154	131.462
1953	157.927	144.951
1954	41.963	104.703
1955	171.044	160.631
1956	69.344	80.966
1957	22.138	2.423
1958	154.326	7.770
1959	57.808	163.146
1960	120.963	5.615
1961	38.557	95.309
1962	109.433	60.738
1963	85.458	96.359
1964	145.457	41.749
1965	55.245	108.304
1966	166.424	146.361
1967	25.214	188.025
1968	35.365	184.393
1969	69.118	104.575
1970	174.102	3.388
1971	5.347	19.703
1972	146.733	63.082
1973	98.599	107.761
1974	24.836	64.852
1975	196.350	71.358
1976	65.499	42.634
1977	81.277	8.985
1978	133.506	21.296
1979	121.061	190.820
1980	198.932	48.921
1981	196.570	198.944
1982	141.362	109.116
1983	189.880	188.360
1984	192.004	119.663
1985	13.343	124.863
1986	44.954	123.789
1987	60.854	156.194
1988	168.834	80.190
1989	62.648	172.588
1990	150.060	158.202
1991	24.891	113.047
1992	199.048	144.249
1993	35.279	73.586
1994	50.526	65.902
1995	15.876	173.650
1996	189.233	39.753
1997	4.498	36.995
1998	32.252	49.379
1999	45.845	43.287
2000	199.304	59.603
2001	73.666	6.635
2002	102.054	173.370
2003	65.157	37.330
2004	183.941	37.428
2005	48.903	43.056
2006	41.554	3.107
2007	47.603	25.764
2008	158.965	48.396
2009	136.747	30.555
2010	86.135	167.638
2011	100.620	102.719
2012	192.779	34.986
2013	66.793	109.232
2014	28.809	48.054
2015	0.397	180.999
2016	22.736	157.768
2017	39.387	31.977
2018	149.144	190.851
2019	152.080	111.606
2020	96.591	71.163
2021	98.239	46.559
2022	167.156	46.101
2023	174.877	128.312
2024	38.850	124.277
2025	128.111	102.609
2026	22.211	30.848
2027	112.247	17.133
2028	142.235	86.630
2029	77.444	183.666
2030	76.974	117.313
2031	67.055	10.889
2032	84.042	198.968
2033	6.061	164.226
2034	146.245	146.196
2035	61.721	8.753
2036	67.580	149.028
2037	157.768	191.742
2038	150.926	64.962
2039	123.362	120.737
2040	188.568	172.326
2041	58.046	193.689
2042	196.899	91.134
2043	193.982	137.260
2044	26.514	77.932
2045	36.695	109.568
2046	78.933	0.543
2047	65.596	123.667
2048	61.190	199.280
2049	175.500	47.945
2050	9.607	140.635
2051	140.416	139.763
2052	113.950	69.893
2053	80.862	168.493
2054	173.193	168.737
2055	15.961	84.335
2056	14.203	24.219
2057	81.497	89.004
2058	104.575	115.348
2059	95.279	64.699
2060	90.799	123.399
2061	51.039	17.450
2062	93.149	172.423
2063	22.040	91.226
2064	88.412	6.006
2065	55.751	8.972
2066	11.750	6.635
2067	140.745	96.860
2068	108.988	63.887
2069	27.143	147.954
2070	170.531	197.699
2071	181.829	81.655
2072	178.130	142.924
2073	59.633	55.019
2074	195.874	1.569
2075	171.856	182.330
2076	36.482	168.780
2077	133.226	119.089
2078	134.312	38.844
2079	168.676	66.756
2080	156.188	97.720
2081	61.135	54.390
2082	181.426	107.926
2083	21.552	53.536
2084	182.244	192.401
2085	62.477	182.525
2086	35.749	123.374
2087	156.359	156.499
2088	198.938	22.602
2089	159.899	39.430
2090	77.676	179.168
2091	185.675	54.244
2092	21.241	191.070
2093	2.234	107.492
2094	173.370	136.979
2095	144.017	184.680
2096	111.240	184.234
2097	112.198	72.530
2098	103.647	139.470
2099	147.935	164.537
2100	119.492	148.039
2101	158.983	5.829
2102	17.939	48.555
2103	81.198	133.915
2104	51.479	188.714
2105	55.959	71.194
2106	113.132	8.710
2107	104.947	25.813
2108	58.998	198.529
2109	83.328	156.938
2110	137.516	135.221
2111	192.840	160.662
2112	56.551	6.604
2113	35.749	32.966
2114	119.675	127.482
2115	91.214	165.838
2116	162.792	54.689
2117	195.032	32.783
2118	122.410	7.276
2119	104.257	20.197
2120	166.869	197.937
2121	127.763	60.512
2122	21.607	182.067
2123	104.135	23.652
2124	19.904	30.653
2125	107.987	122.935
2126	110.202	33.235
2127	166.167	91.635
2128	151.360	137.162
2129	164.849	186.541
2130	127.024	29.438
2131	28.986	174.676
2132	10.413	67.483
2133	155.242	159.526
2134	110.739	164.824
2135	179.681	2.905
2136	32.453	38.203
2137	61.483	198.846
2138	78.756	122.312
2139	163.952	155.620
2140	30.390	158.208
2141	113.962	142.259
2142	131.126	161.937
2143	121.281	55.770
2144	11.121	179.455
2145	138.798	65.316
2146	179.443	134.068
2147	145.091	89.541
2148	16.919	172.796
2149	130.479	163.433
2150	100.742	17.713
2151	67.867	50.826
2152	191.839	128.727
2153	49.550	158.898
2154	116.453	183.813
2155	71.358	110.819
2156	73.110	83.181
2157	45.247	32.917
2158	196.234	183.477
2159	121.708	112.497
2160	107.584	168.303
2161	103.159	82.632
2162	86.941	61.330
2163	29.609	190.173
2164	193.091	188.250
2165	117.869	103.159
2166	166.503	193.750
2167	135.472	114.017
2168	44.868	119.926
2169	190.655	94.626
2170	122.825	52.144
2171	19.575	159.624
2172	186.993	138.829
2173	152.086	94.186
2174	57.723	91.263
2175	37.214	102.475
2176	168.725	169.781
2177	109.732	133.067
2178	15.784	162.456
2179	78.884	137.547
2180	5.963	162.719
2181	20.777	118.595
2182	138.334	51.955
2183	155.394	123.777
2184	47.664	93.497
2185	89.712	41.224
2186	42.268	144.169
2187	8.057	153.636
2188	67.190	89.651
2189	190.973	106.577
2190	24.036	9.955
2191	143.840	47.639
2192	178.759	81.185
2193	116.575	192.456
2194	88.485	119.901
2195	95.505	173.907
2196	178.845	176.336
2197	48.824	30.885
2198	2.808	82.614
2199	106.784	192.645
2200	112.564	162.383
2201	57.918	115.165
2202	175.420	7.971
2203	42.524	125.718
2204	65.126	131.407
2205	24.641	131.864
2206	159.880	195.465
2207	123.850	151.170
2208	178.179	31.086
2209	188.000	117.869
2210	183.807	147.404
2211	88.308	122.739
2212	91.256	140.477
2213	117.875	142.424
2214	102.756	107.254
2215	175.042	14.423
2216	8.179	70.766
2217	112.705	114.139
2218	179.156	122.910
2219	134.935	89.987
2220	188.464	91.092
2221	22.102	113.059
2222	86.196	34.938
2223	65.767	197.473
2224	63.698	179.315
2225	94.559	47.639
2226	136.741	189.923
2227	72.378	188.787
2228	179.003	197.772
2229	50.050	36.842
2230	137.242	78.671
2231	151.817	64.174
2232	159.368	194.092
2233	177.746	117.112
2234	66.610	99.564
2235	103.500	41.792
2236	101.120	26.960
2237	58.589	74.429
2238	180.181	46.797
2239	64.370	152.232
2240	188.318	116.910
2241	113.059	1.355
2242	138.566	123.679
2243	69.051	158.019
2244	134.117	122.092
2245	173.730	179.046
2246	161.589	80.886
2247	35.005	198.181
2248	47.212	139.048
2249	82.968	84.280
2250	7.172	79.794
2251	172.686	157.768
2252	123.264	28.516
2253	115.604	121.500
2254	175.286	80.697
2255	20.685	162.371
2256	161.248	66.207
2257	26.557	79.843
2258	136.778	156.151
2259	105.930	197.687
2260	104.892	118.564
2261	123.515	115.171
2262	187.371	129.197
2263	28.767	53.993
2264	9.088	143.571
2265	164.568	57.100
2266	126.481	136.686
2267	173.205	195.752
2268	31.306	16.504
2269	80.886	41.029
2270	161.199	117.545
2271	41.993	156.066
2272	47.969	80.758
2273	124.369	65.175
2274	35.145	26.044
2275	16.828	56.264
2276	95.871	23.566
2277	40.284	72.610
2278	182.409	170.122
2279	143.504	50.417
2280	38.594	76.852
2281	64.968	158.281
2282	106.412	74.587
2283	142.021	94.864
2284	57.924	142.936
2285	148.430	101.041
2286	183.880	69.491
2287	41.810	42.732
2288	170.220	45.375
2289	2.033	20.692
2290	93.680	3.351
2291	41.859	63.497
2292	167.846	104.733
2293	171.160	160.015
2294	70.772	81.442
2295	195.856	187.506
2296	185.583	39.326
2297	132.853	191.778
2298	185.113	29.096
2299	122.343	175.469
2300	92.019	191.058
2301	18.476	50.801
2302	45.515	179.955
2303	139.921	113.053
2304	105.960	76.138
2305	161.370	90.970
2306	128.636	89.279
2307	27.345	130.375
2308	37.849	60.933
2309	69.503	167.260
2310	132.792	72.207
2311	8.716	46.541
2312	156.151	162.700
2313	23.151	42.787
2314	156.951	67.055
2315	163.640	139.171
2316	78.762	175.372
2317	97.525	120.823
2318	104.563	23.585
2319	62.337	38.948
2320	89.444	120.353
2321	10.425	101.834
2322	112.516	16.297
2323	25.874	149.126
2324	79.183	22.297
2325	194.946	165.508
2326	5.036	82.687
2327	11.255	190.088
2328	112.656	9.888
2329	97.049	77.773
2330	172.570	186.572
2331	121.616	68.838
2332	19.568	141.624
2333	98.318	22.883
2334	75.710	106.302
2335	141.350	73.586
2336	11.127	156.578
2337	63.521	160.369
2338	174.096	48.134
2339	96.292	193.243
2340	121.390	150.200
2341	113.340	107.132
2342	80.325	184.429
2343	38.868	161.931
2344	73.702	175.103
2345	21.973	144.444
2346	138.859	116.971
2347	58.242	28.578
2348	172.118	166.832
2349	39.845	149.992
2350	29.902	65.255
2351	115.476	51.399
2352	17.750	194.635
2353	141.203	54.903
2354	198.376	179.754
2355	103.684	117.447
2356	50.246	37.269
2357	96.811	25.788
2358	107.736	180.200
2359	133.201	87.130
2360	114.145	83.767
2361	171.618	171.746
2362	118.943	118.863
2363	41.725	63.753
2364	50.301	159.233
2365	47.359	176.421
2366	194.354	68.850
2367	129.490	188.067
2368	112.290	75.582
2369	170.281	55.019
2370	26.612	137.382
2371	119.382	157.744
2372	7.807	107.382
2373	123.740	36.366
2374	192.584	4.035
2375	142.155	71.981
2376	165.093	192.584
2377	25.892	169.884
2378	132.218	184.094
2379	146.538	0.977
2380	24.305	58.333
2381	152.348	57.680
2382	152.501	16.755
2383	134.416	80.496
2384	153.972	71.743
2385	183.807	111.551
2386	56.325	178.484
2387	20.978	131.364
2388	192.358	15.662
2389	78.726	135.008
2390	196.448	121.226
2391	119.877	4.028
2392	13.880	189.483
2393	171.001	30.317
2394	154.308	35.743
2395	53.383	48.109
2396	120.536	34.889
2397	92.557	30.549
2398	44.032	139.872
2399	87.533	106.870
2400	58.272	86.673
2401	121.091	56.569
2402	41.267	91.781
2403	92.312	36.781
2404	58.437	48.488
2405	152.660	199.103
2406	137.138	128.306
2407	126.774	152.086
2408	104.129	193.652
2409	99.356	125.755
2410	117.106	128.184
2411	49.226	194.263
2412	21.662	90.896
2413	111.985	13.031
2414	164.910	0.354
2415	152.373	26.606
2416	196.936	55.190
2417	27.692	3.406
2418	91.458	197.253
2419	23.469	53.749
2420	116.837	123.496
2421	42.640	187.298
2422	188.745	153.050
2423	29.493	166.185
2424	135.691	155.541
2425	9.644	110.141
2426	108.744	46.986
2427	27.277	9.790
2428	66.597	59.615
2429	160.869	4.407
2430	167.321	91.623
2431	98.697	180.395
2432	197.919	143.370
2433	55.416	146.648
2434	73.141	146.110
2435	110.788	143.254
2436	134.605	189.550
2437	152.049	139.488
2438	81.576	54.494
2439	100.937	77.633
2440	64.657	56.825
2441	6.812	118.693
2442	173.601	109.012
2443	87.014	46.315
2444	50.514	5.536
2445	95.706	85.195
2446	59.713	38.319
2447	102.542	90.139
2448	145.463	148.509
2449	62.313	162.120
2450	8.832	120.823
2451	56.856	47.511
2452	135.026	26.777
2453	190.503	176.806
2454	102.213	22.926
2455	20.246	98.972
2456	103.397	110.459
2457	102.029	167.858
2458	112.320	162.352
2459	134.129	36.689
2460	24.824	24.421
2461	79.238	17.151
2462	6.793	196.368
2463	146.184	59.023
2464	180.041	99.173
2465	12.696	6.897
2466	77.303	35.115
2467	170.519	90.030
2468	197.644	46.565
2469	173.864	101.651
2470	93.472	179.882
2471	72.842	24.006
2472	120.499	160.619
2473	12.720	155.339
2474	81.784	186.352
2475	80.599	95.035
2476	97.195	43.269
2477	180.468	43.300
2478	129.502	52.919
2479	18.128	171.477
2480	98.386	55.190
2481	177.129	119.321
2482	13.544	133.970
2483	166.851	175.536
2484	58.242	91.537
2485	24.262	197.668
2486	54.427	178.137
2487	150.352	27.784
2488	40.828	82.754
2489	162.584	60.091
2490	195.129	91.598
2491	44.624	116.703
2492	31.538	20.331
2493	174.627	87.906
2494	105.039	26.380
2495	113.181	93.161
2496	153.478	107.614
2497	132.402	18.964
2498	108.835	193.591
2499	167.193	190.020
2500	108.866	35.566
2501	170.061	29.743
2502	140.403	1.715
2503	150.694	66.610
2504	45.485	183.551
2505	81.539	142.332
2506	121.732	119.956
2507	150.688	178.307
2508	48.024	145.109
2509	143.217	156.493
2510	166.845	66.408
2511	32.344	71.004
2512	54.530	178.771
2513	161.583	106.662
2514	10.663	121.445
2515	99.142	0.708
2516	197.821	183.782
2517	145.885	44.026
2518	62.966	165.923
2519	178.002	78.024
2520	171.819	0.940
2521	5.768	143.504
2522	87.234	44.502
2523	129.484	137.706
2524	23.066	38.356
2525	73.983	135.820
2526	104.624	53.920
2527	182.910	133.183
2528	167.046	22.205
2529	53.975	64.486
2530	122.813	156.273
2531	96.530	56.099
2532	29.621	72.555
2533	192.590	167.907
2534	89.944	117.277
2535	142.692	180.828
2536	113.437	104.129
2537	77.706	86.319
2538	73.525	169.597
2539	117.978	34.016
2540	89.334	152.074
2541	60.915	193.909
2542	64.321	1.062
2543	178.387	89.120
2544	112.735	22.742
2545	105.136	55.776
2546	5.274	68.026
2547	99.442	185.925
2548	165.081	69.521
2549	57.308	10.016
2550	45.405	33.564
2551	161.406	75.069
2552	20.191	93.545
2553	146.043	74.728
2554	18.726	130.827
2555	59.395	87.600
2556	35.737	169.512
2557	104.257	180.023
2558	148.131	51.259
2559	38.557	129.490
2560	169.585	196.460
2561	116.868	125.108
2562	174.316	157.939
2563	54.219	1.166
2564	21.223	173.559
2565	193.408	60.268
2566	109.677	23.823
2567	157.042	42.048
2568	98.190	0.873
2569	165.697	93.936
2570	17.231	95.035
2571	103.183	100.070
2572	107.450	5.164
2573	110.508	24.683
2574	14.502	79.153
2575	189.453	26.215
2576	71.816	190.655
2577	197.235	198.309
2578	102.445	58.473
2579	113.450	94.070
2580	71.352	14.783
2581	160.497	89.792
2582	19.330	128.330
2583	58.760	144.316
2584	9.778	89.071
2585	197.851	10.395
2586	119.675	160.332
2587	5.066	54.274
2588	5.884	4.804
2589	92.410	139.665
2590	78.140	90.658
2591	63.338	132.475
2592	9.912	83.889
2593	160.540	82.461
2594	18.421	133.360
2595	35.969	38.112
2596	45.009	54.579
2597	24.451	150.981
2598	67.183	118.625
2599	1.947	25.660
2600	73.568	52.309
2601	9.937	171.825
2602	132.945	156.047
2603	127.000	114.341
2604	88.705	145.421
2605	168.963	17.975
2606	109.983	22.926
2607	98.746	182.684
2608	30.604	185.992
2609	127.335	65.889
2610	107.260	77.560
2611	186.877	188.043
2612	127.976	185.583
2613	157.402	177.483
2614	102.316	97.482
2615	128.269	111.148
2616	64.406	16.034
2617	75.643	7.160
2618	20.161	42.781
2619	37.202	25.623
2620	169.829	35.267
2621	165.392	33.888
2622	37.226	144.383
2623	140.452	92.514
2624	36.872	38.014
2625	124.436	118.192
2626	110.215	117.295
2627	137.492	79.830
2628	162.297	131.651
2629	37.696	184.185
2630	130.039	98.941
2631	185.620	7.062
2632	13.404	136.943
2633	174.902	26.618
2634	100.729	112.387
2635	110.135	114.731
2636	119.425	113.846
2637	13.208	42.915
2638	143.327	54.665
2639	39.479	158.904
2640	187.939	12.281
2641	84.890	90.176
2642	124.796	10.041
2643	65.413	30.720
2644	46.266	47.920
2645	49.971	67.226
2646	111.936	88.278
2647	128.147	100.961
2648	7.904	2.954
2649	193.890	21.656
2650	50.270	187.957
2651	126.505	89.529
2652	63.906	51.900
2653	150.157	181.829
2654	67.971	84.695
2655	53.102	60.012
2656	99.277	112.351
2657	48.012	113.938
2658	4.761	44.514
2659	154.479	139.207
2660	134.428	120.774
2661	85.086	4.010
2662	165.819	162.041
2663	116.251	161.644
2664	191.522	33.283
2665	125.034	64.974
2666	100.668	23.823
2667	73.281	39.131
2668	185.937	151.451
2669	120.225	68.642
2670	7.111	96.628
2671	44.850	55.275
2672	42.628	173.040
2673	159.355	2.795
2674	160.131	40.687
2675	194.775	85.012
2676	37.556	167.827
2677	140.165	53.175
2678	165.770	147.996
2679	116.581	139.152
2680	164.104	78.353
2681	67.025	110.526
2682	40.065	105.600
2683	143.681	33.888
2684	124.436	145.738
2685	173.656	2.625
2686	112.955	83.871
2687	84.494	185.357
2688	145.964	60.414
2689	70.730	51.338
2690	157.158	149.779
2691	182.635	129.130
2692	22.712	37.959
2693	118.571	154.613
2694	142.106	5.182
2695	102.042	164.794
2696	181.750	19.855
2697	24.787	193.518
2698	12.842	50.124
2699	137.156	125.425
2700	174.572	199.261
2701	66.939	164.306
2702	93.930	171.081
2703	48.061	72.182
2704	193.512	71.786
2705	140.184	35.395
2706	118.345	54.262
2707	120.652	113.797
2708	13.178	11.310
2709	29.926	129.466
2710	81.399	23.890
2711	51.784	151.103
2712	156.822	170.739
2713	109.513	30.403
2714	119.639	5.493
2715	59.426	146.593
2716	87.747	107.773
2717	62.838	15.424
2718	14.740	14.167
2719	17.823	118.931
2720	25.752	135.716
2721	32.026	12.043
2722	122.459	167.858
2723	17.664	62.496
2724	188.501	199.249
2725	190.112	80.117
2726	126.475	25.648
2727	151.207	191.894
2728	57.912	75.179
2729	138.627	18.891
2730	17.328	51.057
2731	122.452	111.509
2732	71.645	98.282
2733	130.326	99.026
2734	96.347	0.287
2735	82.315	110.025
2736	139.421	12.024
2737	116.825	119.614
2738	4.511	35.530
2739	88.760	179.968
2740	184.454	144.389
2741	21.223	190.234
2742	176.403	163.244
2743	191.961	162.206
2744	109.891	108.621
2745	35.804	37.941
2746	119.059	197.412
2747	144.450	15.528
2748	190.179	29.035
2749	144.664	39.369
2750	115.928	47.853
2751	136.308	11.133
2752	87.478	91.775
2753	71.371	177.691
2754	155.760	133.512
2755	155.278	52.187
2756	93.094	20.624
2757	51.643	124.680
2758	86.502	120.695
2759	171.941	118.345
2760	193.854	77.761
2761	30.982	47.749
2762	194.208	186.389
2763	149.883	35.267
2764	163.506	189.538
2765	87.332	141.966
2766	6.940	6.519
2767	80.819	169.189
2768	79.171	197.290
2769	78.732	87.094
2770	123.716	69.265
2771	44.795	46.406
2772	62.709	33.076
2773	116.001	29.615
2774	68.349	113.297
2775	95.303	97.855
2776	47.145	20.527
2777	60.347	89.773
2778	168.407	91.092
2779	169.457	128.587
2780	168.047	100.534
2781	46.077	193.591
2782	59.078	57.192
2783	23.133	112.357
2784	179.974	182.116
2785	28.211	29.908
2786	12.134	181.512
2787	191.168	111.106
2788	97.848	18.128
2789	155.150	132.432
2790	89.767	87.582
2791	172.448	119.535
2792	63.375	6.116
2793	166.332	86.715
2794	123.545	115.873
2795	40.132	34.596
2796	36.464	114.035
2797	14.899	62.258
2798	118.296	112.040
2799	76.772	150.066
2800	111.606	131.071
2801	115.360	69.472
2802	81.027	140.226
2803	34.462	176.025
2804	59.285	43.397
2805	16.205	141.765
2806	74.825	121.335
2807	20.020	183.441
2808	92.404	134.965
2809	97.604	42.537
2810	97.757	196.326
2811	5.133	73.659
2812	57.686	13.288
2813	94.046	97.232
2814	186.785	14.454
2815	161.516	172.985
2816	52.052	160.234
2817	41.993	150.359
2818	146.660	146.623
2819	21.033	152.141
2820	64.071	7.764
2821	52.553	47.511
2822	103.848	23.585
2823	60.933	70.852
2824	40.327	138.768
2825	109.110	42.439
2826	85.427	199.286
2827	113.926	147.392
2828	176.867	12.799
2829	89.999	129.038
2830	22.987	139.109
2831	3.375	53.035
2832	35.542	16.907
2833	16.163	98.392
2834	181.536	133.177
2835	3.461	131.693
2836	85.495	41.353
2837	123.801	120.817
2838	13.410	134.617
2839	124.326	144.346
2840	69.503	180.456
2841	162.023	52.882
2842	37.196	122.861
2843	22.205	138.639
2844	195.422	158.324
2845	115.513	69.436
2846	141.612	191.906
2847	134.648	43.403
2848	152.556	79.659
2849	152.184	20.661
2850	114.414	163.610
2851	40.590	188.171
2852	153.099	105.551
2853	195.825	114.072
2854	196.332	125.968
2855	45.601	147.697
2856	198.535	54.219
2857	123.777	121.561
2858	59.938	96.390
2859	191.955	111.527
2860	171.020	126.847
2861	189.575	111.454
2862	13.593	9.998
2863	93.838	178.509
2864	149.815	158.306
2865	70.595	105.490
2866	30.305	32.887
2867	197.510	176.312
2868	152.678	192.975
2869	140.739	60.909
2870	1.679	0.409
2871	66.408	5.963
2872	102.274	185.510
2873	168.059	177.441
2874	16.797	180.474
2875	91.366	111.417
2876	17.579	26.630
2877	37.428	129.350
2878	66.140	161.803
2879	25.733	74.020
2880	30.299	93.905
2881	98.221	22.468
2882	170.476	67.232
2883	145.543	132.096
2884	26.258	127.500
2885	136.912	76.235
2886	134.782	91.989
2887	34.651	25.446
2888	111.820	31.001
2889	174.792	30.720
2890	127.152	166.955
2891	194.922	164.916
2892	105.264	197.186
2893	90.579	78.640
2894	82.693	146.977
2895	81.362	126.865
2896	53.243	158.782
2897	68.105	122.416
2898	132.426	124.119
2899	162.291	72.762
2900	172.155	164.263
2901	68.966	156.188
2902	57.210	65.975
2903	4.474	93.692
2904	14.527	78.646
2905	130.155	172.857
2906	166.643	178.930
2907	183.325	79.879
2908	60.494	9.247
2909	86.758	196.100
2910	2.948	196.423
2911	17.988	115.213
2912	134.129	56.484
2913	119.565	37.416
2914	69.918	192.267
2915	131.584	196.808
2916	44.881	189.636
2917	127.769	178.161
2918	186.785	118.918
2919	36.287	79.501
2920	54.012	47.621
2921	126.597	176.556
2922	67.147	70.736
2923	143.535	45.424
2924	165.935	64.834
2925	69.961	199.744
2926	122.861	72.298
2927	199.152	198.492
2928	44.667	121.842
2929	98.148	80.801
2930	92.965	191.644
2931	143.516	83.950
2932	155.254	121.238
2933	10.437	100.790
2934	97.580	178.588
2935	196.735	32.917
2936	130.113	88.382
2937	162.780	95.767
2938	116.800	27.979
2939	168.773	31.910
2940	160.491	197.186
2941	190.442	88.833
2942	94.620	68.014
2943	194.610	117.374
2944	12.854	120.920
2945	155.675	47.145
2946	67.830	173.473
2947	94.418	95.187
2948	70.296	107.962
2949	120.347	163.976
2950	119.919	104.019
2951	158.715	185.247
2952	198.938	182.604
2953	143.651	65.706
2954	159.996	167.516
2955	158.495	190.960
2956	39.338	70.809
2957	104.685	143.901
2958	126.676	8.234
2959	180.401	193.786
2960	122.910	51.021
2961	150.182	12.287
2962	17.011	120.219
2963	86.886	172.759
2964	13.306	129.923
2965	167.113	88.858
2966	140.373	85.501
2967	1.379	149.034
2968	72.842	143.229
2969	80.380	102.823
2970	197.363	137.413
2971	18.409	55.422
2972	53.896	181.457
2973	175.439	126.695
2974	183.734	48.860
2975	138.792	130.894
2976	115.317	140.715
2977	45.985	133.305
2978	119.279	145.616
2979	29.756	40.132
2980	63.820	198.505
2981	166.607	77.828
2982	1.758	44.563
2983	10.132	118.076
2984	20.429	14.441
2985	90.402	104.819
2986	185.784	117.038
2987	60.500	139.409
2988	111.826	56.124
2989	71.694	80.245
2990	186.724	77.053
2991	58.315	13.129
2992	186.798	49.818
2993	113.651	48.518
2994	109.641	94.620
2995	38.112	2.069
2996	157.640	156.328
2997	40.938	14.527
2998	103.159	33.992
2999	76.626	67.421
3000	166.552	71.700
3001	197.406	50.655
3002	38.392	16.980
3003	2.960	138.285
3004	177.044	53.066
3005	168.706	128.825
3006	12.854	111.222
3007	133.750	106.162
3008	190.338	69.393
3009	129.972	77.523
3010	79.348	143.461
3011	33.296	144.542
3012	86.795	77.267
3013	18.488	63.851
3014	199.890	37.812
3015	98.752	153.380
3016	92.312	21.674
3017	131.315	0.525
3018	24.580	79.086
3019	170.263	128.660
3020	69.710	161.797
3021	147.954	77.932
3022	95.572	101.022
3023	166.112	56.923
3024	35.157	121.763
3025	178.014	21.137
3026	75.924	199.609
3027	142.894	134.788
3028	99.582	66.463
3029	33.869	71.944
3030	3.516	171.319
3031	180.670	113.486
3032	35.066	2.313
3033	128.312	95.901
3034	169.982	76.449
3035	93.112	168.401
3036	66.250	3.046
3037	197.186	14.350
3038	24.574	127.366
3039	162.676	93.576
3040	86.746	160.479
3041	47.072	161.449
3042	103.116	101.773
3043	100.742	21.290
3044	100.540	60.280
3045	127.958	166.198
3046	181.878	81.033
3047	32.771	66.543
3048	88.418	182.812
3049	130.827	159.484
3050	56.471	113.419
3051	108.481	96.603
3052	99.326	28.834
3053	10.395	106.095
3054	145.811	2.399
3055	136.979	25.550
3056	166.826	170.354
3057	32.716	61.782
3058	120.945	19.935
3059	46.925	33.796
3060	50.465	26.350
3061	47.859	155.254
3062	159.032	144.749
3063	171.715	112.607
3064	2.216	163.598
3065	187.555	95.218
3066	22.193	25.587
3067	159.575	133.653
3068	157.854	122.410
3069	187.841	2.429
3070	161.467	69.546
3071	108.780	43.519
3072	153.368	167.467
3073	136.753	166.723
3074	45.662	55.324
3075	127.793	183.282
3076	166.393	163.555
3077	46.956	128.996
3078	115.305	71.493
3079	120.389	132.963
3080	182.568	176.360
3081	53.401	88.314
3082	161.541	179.809
3083	195.862	81.137
3084	86.996	198.273
3085	35.994	33.876
3086	130.003	3.461
3087	104.123	119.413
3088	180.615	199.127
3089	67.226	2.087
3090	149.785	40.394
3091	95.920	61.983
3092	121.610	102.011
3093	84.866	58.577
3094	187.280	101.547
3095	7.953	190.179
3096	91.830	84.048
3097	189.581	5.225
3098	125.126	74.160
3099	173.046	121.934
3100	188.177	2.167
3101	167.620	12.195
3102	66.109	10.041
3103	155.272	6.391
3104	39.039	143.889
3105	38.453	174.981
3106	62.062	138.878
3107	110.154	43.397
3108	45.662	103.098
3109	27.448	196.399
3110	67.757	6.446
3111	169.817	128.031
3112	48.598	180.847
3113	163.500	193.670
3114	119.846	138.005
3115	53.096	20.142
3116	19.056	111.106
3117	101.694	30.415
3118	140.739	26.460
3119	100.748	38.887
3120	175.372	111.576
3121	170.989	173.711
3122	167.516	45.729
3123	135.582	82.247
3124	124.351	59.444
3125	46.828	76.083
3126	5.829	88.980
3127	147.612	171.587
3128	27.729	192.193
3129	48.842	82.583
3130	108.841	131.932
3131	4.224	121.134
3132	193.554	133.335
3133	63.472	62.789
3134	81.082	121.122
3135	185.339	132.572
3136	92.581	43.251
3137	91.635	167.864
3138	7.392	187.194
3139	143.535	114.530
3140	199.701	94.931
3141	21.375	112.534
3142	6.806	183.178
3143	89.248	127.134
3144	60.329	74.776
3145	25.550	182.183
3146	11.487	147.789
3147	0.897	151.518
3148	181.835	108.359
3149	184.448	164.855
3150	170.592	93.674
3151	60.060	184.375
3152	149.907	111.234
3153	133.451	8.264
3154	79.214	120.719
3155	111.606	57.479
3156	170.013	164.684
3157	135.716	1.886
3158	32.270	54.317
3159	148.875	182.226
3160	33.747	16.535
3161	179.809	83.920
3162	103.421	8.667
3163	23.823	19.147
3164	110.306	106.931
3165	102.359	73.354
3166	48.958	75.033
3167	182.196	72.457
3168	162.822	119.077
3169	135.746	27.009
3170	36.732	135.038
3171	23.627	9.571
3172	189.819	55.074
3173	80.703	121.543
3174	0.031	198.944
3175	86.892	105.661
3176	91.598	36.671
3177	104.031	60.500
3178	16.529	68.917
3179	59.969	13.141
3180	161.650	31.050
3181	161.211	6.323
3182	112.137	127.360
3183	15.259	56.252
3184	3.058	101.608
3185	44.069	37.416
3186	89.962	50.117
3187	69.698	50.557
3188	69.918	183.740
3189	53.468	130.143
3190	184.179	44.819
3191	69.955	47.487
3192	33.717	185.614
3193	96.915	65.877
3194	138.951	14.136
3195	102.548	3.864
3196	174.773	13.965
3197	11.231	63.027
3198	112.326	44.057
3199	29.035	176.440
3200	198.596	124.882
3201	110.239	134.068
3202	5.158	17.182
3203	46.150	41.420
3204	77.352	199.542
3205	157.384	167.583
3206	15.015	150.999
3207	70.956	139.006
3208	116.227	145.048
3209	163.384	135.264
3210	15.052	61.165
3211	151.018	42.921
3212	44.832	20.185
3213	8.930	23.975
3214	157.964	149.785
3215	99.551	54.927
3216	133.659	86.215
3217	92.306	92.795
3218	104.843	118.699
3219	155.565	24.384
3220	135.411	182.617
3221	2.051	54.988
3222	79.128	7.752
3223	69.045	92.764
3224	51.460	27.918
3225	14.618	185.101
3226	145.494	158.104
3227	11.090	163.176
3228	123.264	45.460
3229	17.042	150.951
3230	113.749	100.455
3231	109.073	94.900
3232	48.720	114.170
3233	54.573	170.678
3234	67.757	168.389
3235	6.787	22.950
3236	23.621	44.337
3237	103.354	94.772
3238	119.333	36.622
3239	49.635	2.557
3240	8.039	178.423
3241	68.062	13.105
3242	187.146	184.289
3243	94.736	178.735
3244	17.719	116.794
3245	4.566	186.956
3246	0.635	83.218
3247	146.135	80.782
3248	40.522	168.572
3249	167.608	106.046
3250	128.922	111.222
3251	14.905	41.847
3252	177.801	127.342
3253	83.407	70.565
3254	34.700	190.387
3255	4.358	143.443
3256	10.804	171.984
3257	47.383	98.227
3258	153.142	150.328
3259	20.161	84.964
3260	192.126	92.434
3261	46.742	156.261
3262	195.819	16.486
3263	105.509	178.246
3264	62.038	40.468
3265	108.200	118.473
3266	79.598	23.420
3267	1.257	67.067
3268	89.969	5.493
3269	70.583	47.267
3270	80.557	153.081
3271	131.138	171.715
3272	140.873	15.302
3273	182.519	0.671
3274	12.867	198.059
3275	11.835	58.473
3276	166.637	61.885
3277	125.071	164.391
3278	32.740	149.925
3279	88.217	134.208
3280	122.489	152.196
3281	59.420	108.798
3282	67.293	112.461
3283	193.432	65.841
3284	108.426	83.926
3285	99.496	171.014
3286	68.471	139.982
3287	34.101	124.918
3288	135.588	146.318
3289	9.644	161.901
3290	91.964	0.574
3291	100.467	57.131
3292	117.673	145.897
3293	127.293	198.108
3294	1.105	64.425
3295	1.532	76.852
3296	87.362	157.299
3297	110.569	59.096
3298	195.764	117.057
3299	25.257	186.657
3300	37.709	199.017
3301	111.020	69.204
3302	166.271	97.629
3303	123.661	21.851
3304	188.556	34.211
3305	171.209	104.605
3306	72.311	162.236
3307	123.014	20.038
3308	77.902	96.469
3309	47.395	125.425
3310	146.855	72.164
3311	158.995	115.598
3312	78.384	140.599
3313	57.204	32.704
3314	125.022	107.175
3315	136.833	159.246
3316	138.615	18.384
3317	152.269	50.472
3318	98.019	103.806
3319	16.462	62.575
3320	149.626	179.431
3321	15.870	32.752
3322	192.053	18.622
3323	122.697	67.562
3324	136.241	96.860
3325	185.632	95.621
3326	72.188	16.535
3327	80.367	141.118
3328	73.531	18.152
3329	1.135	174.200
3330	71.328	84.042
3331	174.493	94.601
3332	128.184	40.919
3333	176.617	104.721
3334	144.047	167.547
3335	135.411	28.370
3336	124.906	113.663
3337	198.584	31.544
3338	45.552	36.592
3339	148.979	101.309
3340	37.855	161.571
3341	148.497	139.207
3342	135.557	72.207
3343	91.684	25.330
3344	107.035	137.297
3345	150.420	109.403
3346	7.190	180.132
3347	190.826	84.957
3348	179.699	196.747
3349	43.678	103.085
3350	140.928	29.121
3351	109.659	81.808
3352	76.748	199.847
3353	80.508	67.440
3354	183.465	14.228
3355	57.564	4.144
3356	184.161	136.344
3357	48.720	167.949
3358	51.650	145.085
3359	125.205	21.424
3360	69.369	76.571
3361	19.355	145.408
3362	61.367	59.157
3363	44.661	3.797
3364	122.703	47.224
3365	119.327	197.961
3366	81.472	160.082
3367	174.596	166.668
3368	23.756	32.167
3369	129.093	188.134
3370	112.668	80.886
3371	110.428	40.181
3372	32.814	98.196
3373	105.319	174.865
3374	91.421	72.317
3375	119.474	163.817
3376	107.266	45.802
3377	28.504	70.534
3378	118.876	116.099
3379	1.093	105.869
3380	42.994	185.009
3381	75.674	22.987
3382	114.768	163.201
3383	171.886	8.002
3384	40.785	36.073
3385	118.015	122.587
3386	96.292	97.159
3387	175.781	54.775
3388	97.751	155.370
3389	43.519	34.223
3390	82.064	22.327
3391	19.251	68.178
3392	23.707	86.056
3393	104.678	154.369
3394	20.966	77.163
3395	131.468	27.143
3396	82.608	33.949
3397	91.104	93.063
3398	146.123	172.515
3399	149.413	112.119
3400	58.937	68.252
3401	127.201	81.008
3402	153.734	54.891
3403	128.074	74.545
3404	149.120	47.365
3405	94.821	101.547
3406	7.025	94.766
3407	175.579	131.431
3408	77.914	69.643
3409	80.923	147.734
3410	165.160	199.835
3411	113.364	184.869
3412	39.839	49.190
3413	50.215	4.321
3414	37.117	53.304
3415	161.345	166.558
3416	65.566	16.639
3417	142.833	154.845
3418	60.610	77.181
3419	48.024	107.346
3420	13.343	144.945
3421	196.973	13.599
3422	6.006	120.542
3423	145.714	131.755
3424	185.369	100.125
3425	96.554	82.717
3426	105.210	72.829
3427	30.616	177.526
3428	169.225	117.100
3429	143.901	34.169
3430	5.573	2.106
3431	68.068	40.120
3432	104.282	0.421
3433	57.350	116.807
3434	148.827	18.366
3435	22.602	142.289
3436	173.089	50.093
3437	193.963	88.400
3438	174.957	61.812
3439	93.185	28.571
3440	117.801	112.326
3441	197.125	72.646
3442	151.122	16.108
3443	173.327	184.851
3444	181.561	155.315
3445	69.253	141.240
3446	25.556	146.702
3447	136.241	182.861
3448	74.923	170.055
3449	69.424	20.850
3450	106.503	64.058
3451	145.024	149.742
3452	167.272	196.088
3453	36.030	125.211
3454	166.063	11.988
3455	187.786	162.560
3456	103.183	72.298
3457	134.440	112.107
3458	169.158	80.911
3459	37.819	167.827
3460	43.880	112.699
3461	29.664	165.423
3462	27.400	146.123
3463	38.759	26.063
3464	133.610	107.205
3465	83.999	2.173
3466	178.033	131.089
3467	114.737	81.307
3468	191.058	47.401
3469	179.687	4.547
3470	187.786	195.734
3471	5.518	55.629
3472	25.745	177.367
3473	166.564	76.913
3474	181.829	49.696
3475	126.688	68.697
3476	179.479	169.390
3477	134.745	27.857
3478	97.671	190.655
3479	54.781	182.299
3480	92.679	24.824
3481	112.247	77.242
3482	164.037	67.556
3483	37.465	69.851
3484	95.859	99.808
3485	187.658	88.192
3486	4.804	168.938
3487	128.672	10.962
3488	25.977	56.081
3489	57.790	124.162
3490	167.901	36.183
3491	148.766	10.944
3492	67.898	136.760
3493	0.354	130.955
3494	79.189	1.825
3495	69.698	45.344
3496	20.746	167.101
3497	71.596	143.754
3498	21.412	52.803
3499	25.166	29.481
3500	189.343	80.300
3501	128.947	19.147
3502	138.084	18.769
3503	145.769	112.986
3504	100.601	168.279
3505	78.689	92.178
3506	62.368	85.348
3507	19.141	99.307
3508	44.929	57.436
3509	148.637	158.348
3510	171.032	32.423
3511	175.170	190.265
3512	42.665	9.473
3513	185.742	180.670
3514	63.295	197.443
3515	196.063	55.568
3516	35.426	147.136
3517	178.796	121.690
3518	64.815	163.646
3519	51.576	27.369
3520	102.585	4.999
3521	6.055	100.534
3522	156.511	173.412
3523	59.163	19.770
3524	102.615	5.298
3525	7.929	74.917
3526	128.513	66.488
3527	69.082	173.351
3528	139.531	58.632
3529	184.606	48.177
3530	159.069	143.297
3531	74.599	24.720
3532	54.280	89.804
3533	18.696	1.331
3534	18.439	153.215
3535	47.133	1.044
3536	141.173	88.583
3537	122.959	150.072
3538	97.818	7.837
3539	196.411	39.564
3540	89.242	85.470
3541	112.876	126.823
3542	63.210	19.288
3543	55.599	132.151
3544	148.704	52.516
3545	104.367	87.759
3546	134.367	63.472
3547	191.510	194.794
3548	122.318	129.075
3549	36.396	144.847
3550	188.672	68.386
3551	139.714	62.172
3552	181.835	172.576
3553	18.690	122.868
3554	90.066	27.351
3555	164.721	7.184
3556	109.354	34.327
3557	104.337	41.444
3558	42.946	137.370
3559	45.112	185.467
3560	163.787	160.320
3561	87.460	122.098
3562	171.068	62.319
3563	83.743	4.895
3564	172.210	116.935
3565	125.901	120.243
3566	121.439	121.317
3567	142.833	20.185
3568	46.297	41.792
3569	188.824	182.244
3570	93.258	1.929
3571	104.178	152.373
3572	123.740	19.507
3573	129.435	27.430
3574	91.794	198.511
3575	154.283	33.338
3576	134.629	182.476
3577	182.580	55.159
3578	7.306	175.433
3579	94.516	75.399
3580	192.859	136.644
3581	87.429	176.800
3582	118.949	55.416
3583	76.272	65.755
3584	12.543	112.302
3585	35.151	172.790
3586	23.646	32.783
3587	161.132	86.099
3588	149.449	39.869
3589	41.523	174.682
3590	190.081	111.734
3591	106.003	157.085
3592	67.336	150.670
3593	144.633	72.146
3594	137.480	169.652
3595	173.296	7.904
3596	29.432	102.695
3597	27.491	45.021
3598	39.637	145.347
3599	166.057	170.812
3600	14.801	31.422
3601	65.737	20.325
3602	153.758	152.391
3603	88.162	0.604
3604	59.755	125.559
3605	0.244	54.323
3606	74.361	117.344
3607	29.420	19.233
3608	24.262	127.854
3609	34.822	39.509
3610	12.214	143.071
3611	75.784	185.290
3612	183.361	160.857
3613	158.837	136.686
3614	98.221	197.015
3615	44.459	88.516
3616	43.550	77.712
3617	94.888	131.950
3618	112.339	124.467
3619	44.105	69.381
3620	184.216	137.944
3621	71.456	118.760
3622	37.471	186.859
3623	59.944	63.601
3624	124.015	8.203
3625	20.569	104.965
3626	38.392	125.040
3627	163.958	171.648
3628	12.299	88.113
3629	0.439	144.804
3630	65.633	147.575
3631	150.017	153.301
3632	145.518	160.991
3633	43.153	195.978
3634	84.402	43.977
3635	194.055	47.163
3636	108.615	169.646
3637	27.277	101.633
3638	128.489	23.060
3639	139.219	115.226
3640	141.441	117.173
3641	175.561	97.458
3642	179.162	76.162
3643	6.012	112.345
3644	130.168	92.734
3645	177.569	43.648
3646	69.076	65.432
3647	127.488	80.831
3648	23.676	22.315
3649	137.352	181.988
3650	11.206	137.162
3651	109.342	69.936
3652	74.990	144.548
3653	146.080	17.829
3654	152.721	59.993
3655	15.143	180.407
3656	107.645	11.438
3657	79.720	127.195
3658	153.887	88.266
3659	176.434	134.001
3660	7.129	14.203
3661	21.699	88.736
3662	191.998	150.261
3663	27.900	168.047
3664	37.263	34.010
3665	110.526	140.812
3666	190.271	161.473
3667	167.565	54.933
3668	181.646	17.774
3669	12.476	163.500
3670	71.749	62.935
3671	41.871	46.687
3672	109.989	78.945
3673	19.239	185.638
3674	38.215	184.466
3675	55.916	144.469
3676	169.604	123.283
3677	170.586	16.834
3678	74.087	132.951
3679	108.548	93.106
3680	1.758	199.634
3681	1.990	4.535
3682	75.338	5.634
3683	152.550	100.650
3684	183.105	175.713
3685	117.344	116.031
3686	3.394	128.416
3687	179.809	82.882
3688	92.062	138.890
3689	186.547	145.482
3690	64.028	119.095
3691	31.428	32.856
3692	0.250	121.976
3693	168.212	45.955
3694	111.307	75.668
3695	32.929	115.439
3696	188.885	154.003
3697	157.305	186.493
3698	76.437	89.627
3699	54.390	86.813
3700	90.170	35.969
3701	57.796	134.068
3702	21.723	84.225
3703	195.593	39.027
3704	53.725	41.694
3705	80.319	160.686
3706	19.465	177.752
3707	96.182	69.539
3708	137.992	143.535
3709	64.834	75.381
3710	55.837	171.819
3711	70.846	75.723
3712	126.621	163.176
3713	28.266	181.256
3714	159.813	164.666
3715	69.430	74.410
3716	169.884	47.438
3717	137.205	157.500
3718	157.073	89.389
3719	62.136	46.425
3720	51.088	69.063
3721	105.490	66.457
3722	48.909	177.282
3723	49.648	106.119
3724	77.993	152.452
3725	16.932	85.611
3726	16.132	146.068
3727	98.300	195.880
3728	199.194	124.473
3729	172.948	164.647
3730	47.975	113.211
3731	0.244	105.686
3732	145.524	90.249
3733	165.191	7.471
3734	196.002	34.193
3735	158.580	17.627
3736	196.496	133.934
3737	173.247	179.254
3738	52.992	65.780
3739	97.525	175.457
3740	171.673	144.487
3741	87.271	138.426
3742	56.893	54.311
3743	197.589	79.073
3744	47.084	166.454
3745	55.635	193.762
3746	19.697	149.004
3747	55.678	4.108
3748	196.649	75.765
3749	57.619	186.383
3750	81.332	140.178
3751	70.327	46.431
3752	58.553	180.493
3753	101.010	96.768
3754	88.601	122.599
3755	51.790	91.665
3756	26.685	146.641
3757	44.819	176.836
3758	199.072	83.724
3759	57.216	109.745
3760	167.022	48.939
3761	46.901	6.922
3762	109.977	16.993
3763	50.819	174.444
3764	159.038	146.617
3765	36.610	77.859
3766	112.143	160.112
3767	189.038	7.880
3768	62.117	184.173
3769	12.470	97.964
3770	168.871	158.324
3771	130.644	50.105
3772	106.961	17.164
3773	164.849	25.105
3774	19.843	152.702
3775	171.972	53.554
3776	111.985	162.993
3777	23.542	23.707
3778	110.080	193.420
3779	7.007	2.643
3780	124.735	76.687
3781	30.531	146.806
3782	143.754	178.045
3783	112.595	158.287
3784	88.284	151.677
3785	137.565	143.052
3786	63.179	114.805
3787	158.562	27.387
3788	132.658	45.558
3789	28.828	188.769
3790	52.681	110.898
3791	42.872	57.430
3792	91.202	130.931
3793	168.627	144.957
3794	167.510	85.733
3795	151.830	55.971
3796	42.030	71.096
3797	74.013	139.366
3798	187.738	9.241
3799	45.161	135.185
3800	74.416	120.933
3801	12.458	73.476
3802	97.171	65.145
3803	166.247	181.378
3804	80.190	152.580
3805	124.516	54.573
3806	187.274	139.238
3807	177.209	49.550
3808	170.153	6.305
3809	171.447	152.745
3810	186.035	32.673
3811	119.120	82.900
3812	115.470	166.234
3813	107.907	82.925
3814	11.908	0.250
3815	197.143	157.378
3816	14.112	161.138
3817	79.598	11.951
3818	152.727	13.678
3819	190.661	51.180
3820	182.232	90.231
3821	45.900	90.548
3822	69.552	149.864
3823	88.485	139.335
3824	70.559	73.946
3825	27.564	110.392
3826	25.654	104.202
3827	148.967	13.172
3828	5.835	29.707
3829	179.351	86.135
3830	140.355	28.852
3831	185.174	24.909
3832	157.231	172.723
3833	87.655	162.426
3834	67.977	96.005
3835	75.027	157.164
3836	127.689	41.749
3837	93.234	45.955
3838	101.737	186.200
3839	96.493	17.450
3840	170.403	49.904
3841	38.795	162.493
3842	102.634	101.547
3843	87.710	157.768
3844	30.183	160.411
3845	41.694	138.878
3846	53.389	104.074
3847	32.154	119.095
3848	9.864	87.387
3849	91.568	10.102
3850	37.318	178.979
3851	68.795	0.934
3852	61.733	21.656
3853	73.000	151.323
3854	42.262	22.883
3855	127.250	155.834
3856	103.916	81.509
3857	13.184	134.867
3858	189.489	157.170
3859	187.945	8.924
3860	161.791	88.455
3861	154.570	112.302
3862	187.585	166.210
3863	167.254	2.466
3864	134.379	68.062
3865	52.510	121.451
3866	11.371	60.677
3867	27.692	65.352
3868	185.791	75.698
3869	97.952	118.412
3870	5.829	165.844
3871	113.034	7.648
3872	161.583	147.313
3873	65.047	134.605
3874	14.966	134.788
3875	108.493	40.138
3876	30.195	175.237
3877	83.840	158.806
3878	135.759	86.776
3879	25.855	18.836
3880	149.370	108.951
3881	37.922	144.163
3882	97.031	70.467
3883	13.666	14.533
3884	157.506	80.868
3885	187.078	140.233
3886	63.387	52.217
3887	192.376	7.324
3888	90.115	57.131
3889	14.930	150.029
3890	64.089	29.383
3891	114.451	106.137
3892	121.207	13.361
3893	101.633	112.015
3894	46.992	68.569
3895	49.617	93.246
3896	129.691	35.475
3897	21.485	7.190
3898	157.433	68.929
3899	94.949	93.844
3900	90.811	145.427
3901	65.621	91.061
3902	42.128	50.435
3903	110.038	170.544
3904	92.502	52.034
3905	189.654	50.716
3906	178.112	167.174
3907	77.163	42.903
3908	176.849	26.722
3909	186.309	86.837
3910	26.600	45.619
3911	86.441	131.993
3912	6.452	104.331
3913	83.126	120.750
3914	11.945	47.914
3915	145.988	129.881
3916	155.864	8.869
3917	165.087	126.414
3918	125.504	60.140
3919	17.048	94.205
3920	27.967	4.334
3921	22.254	187.506
3922	154.540	5.628
3923	74.203	67.678
3924	195.422	70.443
3925	22.486	79.415
3926	136.167	83.212
3927	190.472	22.620
3928	167.003	3.461
3929	9.021	176.287
3930	36.225	130.515
3931	47.493	130.515
3932	179.089	41.957
3933	23.200	83.059
3934	53.206	112.247
3935	70.693	156.505
3936	11.994	17.591
3937	52.058	192.474
3938	147.136	133.470
3939	189.428	178.954
3940	31.452	30.897
3941	1.038	167.132
3942	193.506	177.874
3943	22.108	33.943
3944	54.939	52.052
3945	91.623	146.513
3946	162.151	171.087
3947	86.441	84.860
3948	43.135	46.687
3949	83.969	79.006
3950	121.189	168.914
3951	34.492	116.861
3952	16.315	26.630
3953	124.613	178.948
3954	65.908	70.663
3955	112.900	156.450
3956	195.758	25.709
3957	19.086	108.634
3958	172.680	57.393
3959	48.012	15.998
3960	170.135	0.549
3961	129.588	85.385
3962	77.841	155.211
3963	156.041	163.268
3964	86.941	56.307
3965	97.635	113.535
3966	181.646	123.545
3967	78.219	115.940
3968	68.899	197.510
3969	191.729	141.514
3970	177.129	68.429
3971	140.983	161.174
3972	55.348	3.766
3973	79.995	143.822
3974	4.022	180.804
3975	141.075	0.085
3976	68.667	30.634
3977	27.863	128.098
3978	27.699	199.744
3979	155.748	117.356
3980	105.661	135.331
3981	120.695	67.159
3982	43.025	0.793
3983	177.905	75.674
3984	53.981	127.537
3985	111.460	155.992
3986	103.287	109.250
3987	176.250	135.343
3988	33.540	145.189
3989	93.387	193.823
3990	174.114	138.383
3991	180.444	198.767
3992	162.914	155.254
3993	197.632	91.116
3994	12.354	152.776
3995	191.284	79.983
3996	150.707	179.498
3997	115.885	101.639
3998	70.022	156.590
3999	115.818	99.240
End the user

Start the original macrocell
End the original macrocell
