region_length = 300
region_width = 300
num_candicate_point = 200
num_user = 4000
num_original_macrocell = 0

Start the candicate point
0	83.160	49.110
1	88.754	69.839
2	238.932	107.578
3	85.028	18.925
4	119.132	260.887
5	14.255	51.125
6	0.952	265.914
7	190.509	20.106
8	185.830	80.999
9	100.803	228.578
10	24.171	129.212
11	202.869	272.680
12	69.674	273.138
13	88.205	90.164
14	22.330	23.054
15	145.033	109.079
16	269.842	250.441
17	205.414	243.959
18	286.514	228.513
19	210.889	36.311
20	199.289	171.969
21	281.094	286.413
22	280.032	97.397
23	119.608	73.034
24	173.562	76.705
25	241.615	8.277
26	120.890	205.002
27	157.430	224.174
28	286.862	255.074
29	196.670	37.941
30	151.698	40.303
31	6.995	93.011
32	75.781	157.823
33	112.275	122.263
34	97.067	233.760
35	164.095	30.836
36	170.458	42.610
37	271.334	144.978
38	208.573	22.468
39	241.990	224.055
40	233.238	257.976
41	121.668	282.522
42	197.119	152.971
43	163.207	118.711
44	84.835	264.733
45	11.591	297.382
46	152.925	121.430
47	38.838	282.733
48	118.061	95.071
49	112.925	69.015
50	152.907	251.411
51	235.343	105.426
52	98.926	48.991
53	131.565	162.163
54	55.602	209.067
55	128.809	34.654
56	255.358	128.260
57	105.518	32.685
58	83.599	255.925
59	46.812	251.411
60	153.337	107.953
61	190.481	170.989
62	93.478	139.082
63	97.662	281.936
64	160.616	245.378
65	32.823	82.812
66	233.201	118.949
67	87.197	147.349
68	97.845	226.618
69	130.201	207.666
70	287.017	234.510
71	223.130	50.713
72	177.288	250.468
73	79.562	274.602
74	107.953	206.018
75	206.787	101.709
76	28.941	49.944
77	12.699	95.648
78	237.696	275.243
79	12.442	78.674
80	14.255	51.280
81	119.315	96.637
82	13.981	283.227
83	254.131	128.251
84	27.265	170.376
85	57.561	85.559
86	65.581	285.498
87	39.845	2.490
88	283.309	146.809
89	52.058	158.428
90	194.665	4.779
91	113.501	133.479
92	195.141	215.302
93	79.498	142.644
94	146.773	121.302
95	184.054	45.393
96	136.674	14.713
97	141.618	277.853
98	268.203	0.458
99	42.436	104.181
100	94.082	234.565
101	125.825	134.303
102	250.945	258.086
103	265.777	4.614
104	4.514	98.907
105	153.182	268.715
106	165.093	263.140
107	109.207	294.928
108	282.275	287.970
109	213.993	17.597
110	178.799	178.030
111	85.202	38.902
112	132.435	196.991
113	290.817	128.187
114	165.642	36.265
115	230.335	215.540
116	252.089	32.795
117	69.051	26.716
118	99.612	57.717
119	59.557	256.072
120	18.934	247.768
121	34.947	224.366
122	37.465	101.379
123	208.060	18.632
124	267.562	111.286
125	61.177	260.530
126	288.720	55.547
127	60.509	0.394
128	252.986	218.772
129	279.876	283.749
130	272.991	265.612
131	67.879	87.097
132	201.935	238.127
133	43.159	270.025
134	264.989	199.234
135	51.747	140.226
136	151.442	293.747
137	71.249	178.698
138	26.908	149.153
139	96.051	21.580
140	175.100	287.979
141	287.933	145.830
142	28.364	273.366
143	126.447	255.422
144	196.634	160.121
145	243.629	115.012
146	153.786	272.835
147	277.047	28.016
148	291.156	182.937
149	25.974	105.765
150	97.342	6.812
151	244.765	24.839
152	273.788	96.573
153	157.878	219.376
154	245.424	145.518
155	31.083	205.112
156	75.854	80.102
157	182.983	82.263
158	46.455	160.350
159	271.371	13.907
160	8.570	260.475
161	138.789	126.850
162	168.453	251.677
163	51.628	131.831
164	14.164	259.011
165	117.182	209.919
166	43.809	14.026
167	12.891	62.038
168	4.587	275.390
169	12.470	68.438
170	101.828	138.871
171	242.915	254.936
172	87.692	109.143
173	56.957	112.970
174	288.574	254.781
175	155.498	70.186
176	80.862	18.613
177	43.947	158.501
178	274.300	105.234
179	57.350	276.443
180	112.247	117.475
181	238.319	292.813
182	148.430	163.829
183	202.310	188.330
184	209.360	108.658
185	74.572	282.321
186	101.901	187.002
187	33.161	241.148
188	75.314	255.925
189	42.363	215.467
190	297.162	204.279
191	10.950	102.945
192	252.464	292.740
193	159.581	283.557
194	25.489	45.979
195	31.770	124.122
196	173.562	168.865
197	132.829	299.130
198	52.068	108.530
199	131.043	124.561
End the candicate point

Start the user
0	0.467	234.272
1	5.567	151.799
2	48.241	57.076
3	175.356	18.210
4	250.331	260.659
5	93.561	1.630
6	111.542	265.850
7	41.704	175.228
8	109.162	0.394
9	208.014	210.010
10	73.089	295.779
11	284.344	21.534
12	133.140	83.077
13	266.033	107.962
14	192.514	109.812
15	289.032	276.012
16	37.181	249.461
17	188.742	102.057
18	240.333	125.642
19	214.881	124.992
20	271.197	22.916
21	286.807	217.747
22	267.946	105.875
23	123.609	134.486
24	183.670	18.503
25	33.454	180.209
26	65.014	185.830
27	196.377	99.722
28	272.890	289.398
29	25.077	132.756
30	4.386	138.771
31	238.044	232.276
32	125.623	210.834
33	229.237	192.642
34	274.538	178.597
35	268.990	284.683
36	143.275	201.688
37	220.200	44.432
38	299.442	0.110
39	104.401	212.519
40	155.535	183.395
41	202.017	70.901
42	146.068	256.758
43	21.085	274.071
44	21.598	176.446
45	119.059	121.348
46	19.236	175.832
47	111.753	267.379
48	118.793	34.379
49	154.088	117.466
50	244.096	11.234
51	126.814	4.871
52	218.781	115.278
53	213.746	96.719
54	235.984	233.705
55	103.677	125.523
56	51.216	190.719
57	201.633	293.197
58	57.909	158.528
59	283.547	244.371
60	54.924	192.267
61	178.900	55.931
62	65.435	210.825
63	15.711	139.677
64	216.565	95.483
65	112.192	104.831
66	139.119	28.217
67	149.382	77.557
68	296.814	141.417
69	109.308	23.988
70	4.404	201.138
71	212.922	274.062
72	244.023	195.535
73	242.174	292.566
74	39.103	150.490
75	280.691	94.760
76	195.407	44.240
77	257.390	153.090
78	168.261	242.933
79	27.329	291.925
80	65.700	28.877
81	74.325	17.414
82	146.590	43.590
83	69.564	179.055
84	223.341	217.188
85	170.650	10.016
86	28.410	206.311
87	195.489	243.052
88	254.140	212.281
89	55.318	48.854
90	225.080	201.367
91	181.353	293.802
92	12.442	199.161
93	229.228	263.762
94	249.855	280.737
95	195.901	51.244
96	259.825	228.678
97	133.149	252.254
98	50.383	180.758
99	192.129	70.095
100	191.214	139.036
101	183.377	172.930
102	28.593	262.481
103	86.593	1.822
104	248.637	114.747
105	94.687	76.330
106	48.122	289.279
107	126.228	194.363
108	22.321	83.151
109	90.960	173.287
110	129.231	42.161
111	242.595	29.142
112	239.436	48.369
113	203.180	240.773
114	131.227	272.515
115	193.713	195.764
116	140.153	162.813
117	54.979	265.255
118	222.398	92.261
119	193.374	204.068
120	141.453	236.140
121	35.725	223.588
122	37.410	101.663
123	227.891	133.753
124	188.220	181.756
125	261.043	201.367
126	122.282	154.555
127	160.442	21.488
128	91.903	200.836
129	20.811	248.756
130	266.738	161.019
131	22.816	185.537
132	56.746	103.714
133	114.847	273.861
134	124.149	27.668
135	194.775	87.829
136	193.411	168.975
137	275.793	273.605
138	19.007	235.417
139	270.794	233.622
140	220.145	239.866
141	79.754	2.069
142	141.792	54.585
143	214.368	208.536
144	251.512	58.293
145	44.340	176.391
146	231.397	297.812
147	199.838	53.249
148	274.483	236.341
149	214.212	120.029
150	45.064	110.105
151	41.667	175.558
152	112.183	265.209
153	134.074	243.748
154	15.821	96.728
155	11.243	99.979
156	175.018	161.742
157	209.296	63.860
158	297.391	88.342
159	41.154	254.900
160	299.359	52.370
161	253.911	158.208
162	296.567	243.794
163	17.029	197.128
164	273.696	94.632
165	26.185	259.395
166	193.219	90.292
167	256.786	174.056
168	252.355	136.134
169	251.677	85.733
170	247.667	1.209
171	77.456	23.255
172	156.624	11.042
173	233.714	209.571
174	295.596	11.261
175	149.492	209.580
176	163.454	174.065
177	151.534	263.149
178	30.488	169.277
179	238.530	199.756
180	181.610	271.947
181	245.790	181.976
182	73.574	28.391
183	134.724	174.514
184	115.351	152.440
185	191.552	285.690
186	231.205	273.852
187	169.497	78.225
188	15.619	10.785
189	158.950	196.377
190	39.799	188.165
191	119.901	205.954
192	118.683	273.742
193	261.135	194.491
194	98.276	253.902
195	100.354	28.098
196	172.326	20.975
197	189.868	212.162
198	287.960	293.902
199	141.957	52.498
200	149.501	244.169
201	238.557	64.080
202	279.995	48.982
203	259.322	124.039
204	249.553	243.382
205	112.806	15.867
206	230.280	93.240
207	104.804	161.779
208	186.801	61.122
209	28.465	189.904
210	161.916	86.721
211	10.373	33.509
212	166.805	253.819
213	197.174	8.707
214	135.072	65.682
215	116.852	67.934
216	249.992	200.745
217	199.390	75.790
218	4.440	270.345
219	290.744	104.227
220	202.805	50.575
221	44.963	194.015
222	264.183	110.059
223	228.504	79.159
224	136.427	5.347
225	221.198	121.448
226	80.267	166.146
227	48.369	51.701
228	132.911	241.926
229	128.324	64.766
230	10.501	32.017
231	169.643	265.145
232	58.879	270.986
233	2.637	10.025
234	111.872	91.015
235	179.467	46.693
236	166.677	133.543
237	26.991	291.119
238	35.505	31.568
239	287.155	44.606
240	83.059	134.898
241	228.852	95.538
242	209.067	99.951
243	265.969	2.765
244	85.348	16.123
245	265.831	207.849
246	206.705	290.542
247	82.418	172.811
248	165.111	263.066
249	298.791	90.411
250	6.446	173.507
251	113.062	63.723
252	179.330	152.797
253	252.318	101.883
254	235.170	260.091
255	48.799	229.008
256	189.090	37.638
257	162.813	152.971
258	200.937	105.316
259	86.676	191.177
260	85.723	66.643
261	114.042	199.838
262	13.010	48.231
263	209.168	3.983
264	4.495	144.530
265	60.152	174.935
266	189.227	289.636
267	250.981	51.976
268	25.791	228.230
269	136.235	255.412
270	250.926	7.306
271	153.356	287.585
272	63.759	60.811
273	256.392	268.917
274	205.350	108.777
275	105.875	105.765
276	242.503	143.056
277	199.225	36.998
278	115.625	21.497
279	275.738	56.124
280	259.743	42.317
281	180.960	55.940
282	158.126	220.649
283	124.534	292.474
284	137.983	39.103
285	115.946	115.131
286	267.415	294.314
287	12.616	259.981
288	263.213	111.039
289	264.705	52.910
290	268.679	46.236
291	290.844	219.770
292	111.039	154.326
293	269.485	249.983
294	197.632	36.082
295	279.858	111.020
296	160.396	242.732
297	177.297	60.161
298	207.941	57.131
299	136.940	250.615
300	94.668	24.088
301	150.499	178.872
302	66.167	51.518
303	210.266	270.180
304	190.435	254.314
305	64.794	248.903
306	34.150	162.987
307	280.709	190.756
308	193.548	168.783
309	194.812	103.787
310	138.981	227.131
311	191.140	34.874
312	182.900	291.449
313	287.127	148.723
314	230.363	199.069
315	63.256	76.193
316	121.522	181.207
317	20.820	278.851
318	225.575	18.760
319	101.810	226.572
320	195.306	115.983
321	255.568	35.148
322	241.899	113.703
323	286.468	60.701
324	139.128	114.142
325	267.086	297.821
326	16.507	139.128
327	251.073	78.243
328	250.578	193.512
329	270.281	217.096
330	13.916	155.809
331	250.441	3.351
332	191.076	67.833
333	229.740	181.628
334	20.893	45.238
335	214.698	121.897
336	74.581	80.807
337	57.781	24.345
338	28.886	162.410
339	191.021	255.971
340	243.757	77.493
341	0.046	265.841
342	103.916	225.977
343	72.979	276.058
344	33.619	113.364
345	8.478	95.135
346	144.053	46.080
347	117.310	50.639
348	22.733	0.760
349	201.917	188.165
350	124.287	289.526
351	148.201	33.280
352	271.902	92.892
353	14.109	163.546
354	228.990	282.522
355	149.135	87.243
356	250.276	5.283
357	229.328	275.976
358	271.792	50.923
359	142.122	147.633
360	149.089	74.810
361	105.307	147.075
362	203.061	297.986
363	254.570	20.939
364	282.797	156.139
365	83.911	233.787
366	204.764	19.547
367	73.501	122.217
368	77.749	255.742
369	189.071	34.141
370	72.933	156.825
371	287.429	149.648
372	248.408	3.360
373	112.403	230.747
374	287.594	86.602
375	15.583	196.661
376	60.912	261.025
377	86.245	71.532
378	270.107	148.988
379	24.775	101.553
380	184.393	269.475
381	144.163	188.192
382	128.205	12.626
383	133.634	34.590
384	29.518	232.203
385	169.057	51.958
386	188.348	77.483
387	104.419	222.636
388	74.737	36.924
389	128.663	267.058
390	115.635	215.018
391	122.364	111.194
392	179.934	114.545
393	198.611	101.489
394	21.250	45.943
395	262.407	264.129
396	187.588	235.664
397	172.985	155.461
398	257.408	155.480
399	143.513	100.647
400	111.460	144.530
401	262.362	267.150
402	199.710	46.052
403	270.501	170.046
404	212.757	230.573
405	279.345	156.157
406	217.133	27.558
407	263.305	263.680
408	63.814	137.333
409	211.631	104.309
410	229.420	145.088
411	273.760	264.678
412	199.271	108.988
413	82.546	174.047
414	251.988	44.148
415	189.932	135.008
416	54.686	274.346
417	299.121	64.263
418	228.385	73.418
419	227.927	240.095
420	292.804	268.249
421	87.555	203.684
422	50.172	24.967
423	211.127	210.916
424	217.151	90.658
425	16.379	181.710
426	64.400	12.003
427	237.037	243.629
428	173.232	103.101
429	206.925	216.776
430	268.477	184.091
431	31.559	36.668
432	237.220	162.621
433	231.361	262.224
434	292.602	179.888
435	290.835	165.386
436	292.099	293.298
437	98.312	49.660
438	169.707	117.402
439	10.437	194.098
440	291.357	195.233
441	225.840	69.802
442	92.883	121.686
443	2.307	125.752
444	110.132	291.018
445	102.020	190.847
446	60.262	190.133
447	298.947	89.019
448	183.926	109.729
449	132.994	114.325
450	7.471	95.117
451	145.225	62.880
452	234.739	8.423
453	78.472	168.480
454	127.564	224.348
455	277.743	238.795
456	284.756	231.086
457	74.837	39.076
458	178.405	58.477
459	291.549	220.209
460	57.497	5.127
461	45.668	237.843
462	177.618	286.450
463	94.494	59.786
464	66.561	275.436
465	199.792	8.240
466	85.000	158.144
467	49.001	133.927
468	191.690	175.723
469	216.785	68.886
470	272.460	274.685
471	101.361	154.921
472	242.531	137.645
473	120.093	294.406
474	81.402	16.095
475	298.553	20.518
476	109.757	237.230
477	137.553	133.717
478	167.693	106.626
479	292.502	101.105
480	103.751	78.811
481	149.400	266.024
482	234.043	117.383
483	231.910	64.235
484	280.819	216.639
485	223.862	94.046
486	249.965	206.677
487	41.548	136.802
488	256.767	13.724
489	140.199	74.984
490	59.163	197.659
491	89.029	4.596
492	108.173	38.435
493	299.222	188.787
494	74.490	193.594
495	239.134	149.483
496	261.016	298.398
497	121.348	244.078
498	60.326	30.625
499	295.605	223.908
500	66.817	12.021
501	232.212	221.464
502	202.539	267.965
503	30.387	163.134
504	166.384	117.512
505	35.597	54.448
506	265.877	215.622
507	0.549	134.733
508	240.919	119.288
509	274.099	47.765
510	138.917	199.692
511	152.440	225.776
512	250.707	72.018
513	77.044	133.204
514	266.472	265.035
515	113.565	167.409
516	61.306	202.072
517	196.194	63.018
518	169.506	115.534
519	271.883	296.960
520	157.210	266.546
521	128.654	240.791
522	152.577	291.852
523	42.564	157.558
524	143.019	149.684
525	227.497	189.721
526	198.740	86.593
527	222.324	135.246
528	132.087	196.936
529	99.759	58.577
530	251.970	297.134
531	131.208	133.570
532	222.745	86.383
533	192.065	64.986
534	87.088	15.784
535	41.868	85.723
536	161.934	137.754
537	263.579	276.351
538	267.205	57.552
539	196.396	204.114
540	96.381	258.901
541	146.599	128.114
542	288.601	125.376
543	10.584	67.504
544	11.289	129.762
545	94.650	79.745
546	213.169	212.857
547	165.780	145.619
548	256.493	23.905
549	117.933	8.011
550	88.351	244.472
551	88.076	61.232
552	160.121	167.446
553	106.433	37.849
554	154.537	53.349
555	115.241	189.804
556	129.807	135.566
557	140.474	210.770
558	40.001	296.493
559	250.908	296.576
560	41.310	86.493
561	88.736	190.628
562	243.318	107.468
563	6.409	11.151
564	214.753	232.981
565	293.802	207.099
566	203.262	186.718
567	230.125	239.692
568	178.204	51.299
569	45.210	236.433
570	156.276	229.209
571	24.171	114.417
572	18.934	227.726
573	140.052	119.874
574	181.362	289.755
575	148.796	280.801
576	122.044	142.488
577	230.921	19.510
578	32.511	85.659
579	14.127	222.132
580	196.634	191.314
581	261.528	11.628
582	58.632	137.031
583	259.478	121.632
584	289.517	244.371
585	289.746	17.551
586	210.953	244.490
587	120.139	62.093
588	186.316	242.759
589	198.126	72.027
590	137.938	104.346
591	81.695	162.951
592	200.223	232.496
593	191.974	29.087
594	67.769	261.446
595	221.812	154.903
596	48.103	135.997
597	284.875	205.387
598	78.198	99.301
599	239.500	192.019
600	14.219	161.083
601	271.746	261.089
602	153.996	67.888
603	271.975	201.386
604	201.349	47.444
605	189.392	218.177
606	131.877	48.854
607	98.889	170.147
608	269.485	150.618
609	64.556	16.379
610	132.929	158.254
611	34.205	170.174
612	262.023	163.482
613	149.446	6.500
614	282.522	86.785
615	205.414	120.148
616	119.407	275.253
617	144.795	281.249
618	17.707	277.541
619	20.353	185.171
620	280.316	267.937
621	110.398	43.635
622	282.202	141.215
623	221.555	13.880
624	70.324	150.362
625	63.192	12.827
626	208.747	208.866
627	27.970	113.053
628	178.094	229.612
629	62.743	67.486
630	289.059	122.108
631	164.324	259.716
632	219.010	20.032
633	184.365	226.664
634	31.257	260.906
635	77.868	50.749
636	86.383	189.749
637	79.589	168.123
638	4.788	108.750
639	142.717	90.036
640	290.139	44.578
641	224.284	284.216
642	172.811	255.440
643	151.607	212.995
644	82.913	149.583
645	54.146	75.240
646	212.143	237.284
647	95.218	148.769
648	273.833	188.009
649	187.790	180.309
650	20.710	14.823
651	228.971	219.779
652	229.585	157.787
653	37.263	245.708
654	112.421	288.153
655	127.299	278.860
656	163.152	105.527
657	106.104	130.714
658	99.612	149.519
659	25.489	183.853
660	9.961	197.998
661	274.895	251.018
662	62.981	173.681
663	248.939	9.751
664	291.586	231.086
665	74.288	159.554
666	8.972	145.546
667	229.969	298.279
668	166.823	76.312
669	45.604	164.837
670	114.737	125.486
671	112.101	244.966
672	170.522	164.818
673	288.812	286.871
674	260.540	52.022
675	141.893	123.838
676	39.589	208.802
677	98.093	150.462
678	49.651	282.073
679	248.235	149.483
680	26.807	60.573
681	184.951	116.111
682	215.860	68.657
683	109.061	276.644
684	1.886	8.982
685	288.675	48.341
686	18.256	276.214
687	5.768	37.355
688	240.233	213.434
689	274.419	221.610
690	223.798	133.232
691	64.949	215.549
692	299.020	175.338
693	218.763	163.591
694	277.129	22.568
695	287.686	59.136
696	180.969	47.151
697	82.739	236.103
698	158.034	109.134
699	166.329	229.676
700	185.446	178.817
701	172.399	253.435
702	26.377	205.130
703	288.876	89.413
704	47.160	101.737
705	286.843	238.227
706	54.521	272.817
707	230.683	125.944
708	62.331	250.322
709	253.755	14.777
710	147.212	64.702
711	233.787	214.286
712	2.362	120.881
713	52.489	40.001
714	149.043	1.318
715	73.721	16.517
716	15.015	68.209
717	124.589	171.685
718	239.363	286.450
719	213.819	18.879
720	213.068	139.485
721	71.834	274.392
722	14.686	59.795
723	146.947	206.375
724	150.508	145.820
725	241.816	262.819
726	158.629	187.341
727	224.888	274.868
728	286.203	71.175
729	200.919	182.690
730	99.329	88.955
731	75.057	180.712
732	35.011	218.937
733	94.925	29.032
734	54.357	3.717
735	204.892	127.894
736	206.586	195.791
737	97.085	202.136
738	263.167	292.611
739	193.530	292.557
740	231.407	33.299
741	43.562	200.827
742	106.955	178.744
743	71.212	285.177
744	74.517	146.864
745	156.606	53.368
746	116.175	125.138
747	86.044	150.160
748	236.726	132.142
749	154.976	285.836
750	265.383	49.907
751	58.257	202.933
752	143.202	299.149
753	52.086	127.903
754	255.678	279.034
755	122.053	4.569
756	19.721	243.620
757	241.514	256.328
758	284.655	136.546
759	154.884	73.904
760	256.282	156.093
761	270.034	175.668
762	203.766	172.335
763	294.250	37.126
764	58.303	68.355
765	198.163	136.756
766	63.320	227.323
767	141.966	114.875
768	185.318	37.391
769	48.259	92.480
770	244.856	236.222
771	256.035	246.907
772	177.078	66.945
773	40.010	191.205
774	281.039	167.748
775	229.868	154.134
776	267.296	66.433
777	113.520	107.569
778	263.149	2.399
779	259.111	38.279
780	184.796	147.468
781	239.793	210.907
782	35.954	47.655
783	195.938	118.986
784	242.164	57.808
785	18.870	71.038
786	80.166	90.713
787	290.863	208.399
788	211.924	152.907
789	265.328	1.721
790	182.324	88.736
791	22.010	223.276
792	190.252	4.816
793	281.295	241.432
794	92.242	296.567
795	111.954	134.651
796	148.100	48.744
797	117.054	171.712
798	67.925	231.993
799	231.956	254.872
800	269.869	266.994
801	19.080	273.138
802	107.990	78.436
803	193.786	62.249
804	279.629	110.434
805	65.554	218.534
806	271.599	25.260
807	129.066	63.155
808	154.720	257.546
809	289.434	3.964
810	285.855	245.424
811	255.998	91.647
812	126.997	210.852
813	89.001	217.023
814	240.745	10.749
815	233.686	46.538
816	271.453	130.924
817	225.904	242.668
818	271.563	144.676
819	203.958	66.066
820	282.394	7.865
821	210.706	106.644
822	128.809	112.467
823	220.621	139.961
824	37.135	70.287
825	75.909	256.319
826	135.658	248.958
827	166.292	59.035
828	47.151	31.797
829	236.570	179.028
830	232.807	123.765
831	156.679	2.362
832	296.786	174.999
833	38.252	57.936
834	110.984	244.087
835	232.368	261.831
836	169.323	72.924
837	92.636	65.435
838	130.796	194.848
839	238.154	104.236
840	60.811	48.112
841	0.568	293.948
842	30.195	116.504
843	189.795	270.986
844	181.106	268.990
845	162.566	124.296
846	219.395	120.240
847	228.339	115.094
848	142.607	183.926
849	176.894	31.623
850	263.250	40.706
851	161.916	175.851
852	236.396	92.691
853	125.111	128.681
854	251.256	126.292
855	95.025	290.945
856	195.947	55.437
857	245.112	246.715
858	254.909	266.811
859	45.329	146.022
860	248.262	39.186
861	191.671	53.798
862	272.625	158.721
863	47.975	161.843
864	252.565	101.846
865	284.490	110.782
866	62.221	107.962
867	147.368	18.870
868	226.453	13.614
869	243.739	264.531
870	60.775	70.058
871	276.470	219.376
872	159.600	116.065
873	213.132	178.854
874	92.068	227.955
875	23.594	87.051
876	14.896	118.555
877	170.440	202.860
878	61.534	107.175
879	86.740	4.120
880	217.151	32.228
881	125.550	176.812
882	238.639	128.626
883	15.336	85.971
884	229.218	241.551
885	206.009	75.469
886	226.811	198.776
887	39.570	93.222
888	15.711	113.181
889	30.085	88.965
890	220.887	137.416
891	87.161	281.350
892	194.180	242.604
893	67.302	141.169
894	52.022	142.909
895	187.689	187.808
896	273.751	237.971
897	186.489	45.521
898	220.109	94.861
899	164.360	156.633
900	81.274	141.682
901	191.305	298.425
902	113.684	94.449
903	113.327	200.552
904	175.109	89.340
905	243.336	210.065
906	17.377	142.067
907	170.486	100.574
908	46.144	6.217
909	272.588	272.817
910	6.839	152.614
911	165.725	143.138
912	106.598	241.285
913	175.585	67.074
914	231.123	8.213
915	64.803	94.687
916	266.115	138.615
917	200.864	104.621
918	182.617	248.463
919	298.599	13.788
920	195.462	246.467
921	22.065	109.473
922	254.506	98.111
923	179.870	200.763
924	77.694	63.695
925	98.450	36.238
926	185.647	32.365
927	107.651	284.747
928	46.840	23.786
929	222.983	226.032
930	93.030	179.604
931	58.943	148.357
932	114.069	216.300
933	57.799	99.731
934	191.671	261.574
935	68.090	289.764
936	281.350	45.860
937	157.384	188.943
938	102.029	171.154
939	293.545	122.309
940	242.622	28.675
941	178.973	4.276
942	144.951	287.622
943	72.127	211.621
944	172.491	26.487
945	280.709	141.298
946	124.094	29.298
947	160.909	50.227
948	202.374	218.076
949	7.123	223.753
950	95.822	43.901
951	66.433	69.637
952	84.204	8.203
953	62.239	184.576
954	126.649	236.177
955	61.544	89.999
956	241.578	274.181
957	70.067	84.140
958	238.154	233.174
959	89.697	207.154
960	8.386	249.754
961	122.657	266.170
962	239.409	186.984
963	56.700	217.280
964	255.119	146.654
965	115.699	51.079
966	46.886	114.975
967	10.080	278.997
968	202.356	213.562
969	171.493	66.854
970	191.900	177.526
971	205.853	112.989
972	122.089	132.600
973	49.550	117.383
974	115.516	93.222
975	162.777	39.067
976	26.322	253.307
977	244.627	88.324
978	250.963	91.675
979	4.212	250.844
980	43.260	164.113
981	272.268	290.487
982	93.579	103.659
983	187.423	127.766
984	80.981	1.346
985	141.838	40.651
986	58.220	188.925
987	220.273	284.811
988	278.594	295.724
989	217.106	179.971
990	224.183	101.361
991	265.667	159.508
992	144.914	56.270
993	64.254	229.814
994	167.620	91.803
995	233.219	136.637
996	284.683	291.916
997	187.451	85.092
998	181.481	248.225
999	258.654	110.251
1000	112.146	70.370
1001	51.866	245.186
1002	282.907	173.470
1003	170.513	183.358
1004	252.345	114.664
1005	194.290	282.238
1006	8.167	200.516
1007	44.514	204.965
1008	29.646	137.141
1009	21.058	47.041
1010	195.123	245.158
1011	45.329	244.765
1012	244.069	110.901
1013	293.738	12.424
1014	153.035	196.295
1015	155.892	205.148
1016	134.806	78.802
1017	102.057	154.070
1018	120.121	43.654
1019	94.128	70.919
1020	231.516	299.991
1021	24.528	68.859
1022	8.377	42.994
1023	17.377	196.323
1024	292.923	233.787
1025	76.458	30.818
1026	136.070	18.879
1027	214.084	129.679
1028	133.030	261.272
1029	245.515	284.381
1030	47.591	204.874
1031	83.114	175.521
1032	34.754	144.218
1033	14.731	75.277
1034	220.933	21.305
1035	0.595	294.159
1036	151.140	221.564
1037	173.141	18.943
1038	62.578	190.518
1039	74.178	238.813
1040	93.973	243.446
1041	13.715	6.308
1042	289.966	89.523
1043	284.848	30.232
1044	210.038	42.619
1045	119.004	147.203
1046	101.343	240.352
1047	216.181	168.792
1048	44.697	243.519
1049	234.117	251.192
1050	233.256	37.675
1051	171.218	84.085
1052	293.124	8.670
1053	27.302	245.927
1054	205.414	14.127
1055	76.696	222.077
1056	138.945	222.727
1057	37.986	33.061
1058	253.169	243.007
1059	74.874	269.658
1060	180.447	113.904
1061	112.348	281.552
1062	147.377	278.475
1063	102.817	116.788
1064	144.191	213.031
1065	126.292	258.516
1066	1.877	33.345
1067	259.203	256.136
1068	86.254	249.965
1069	296.081	197.641
1070	68.383	94.293
1071	158.602	120.103
1072	280.837	87.619
1073	176.308	104.996
1074	118.894	274.612
1075	273.321	55.510
1076	96.463	93.451
1077	245.534	102.423
1078	215.650	4.376
1079	162.630	35.688
1080	59.685	48.405
1081	79.223	208.380
1082	168.499	258.296
1083	189.611	210.056
1084	206.192	193.457
1085	10.382	156.285
1086	79.910	120.826
1087	125.440	291.266
1088	119.507	213.507
1089	277.569	150.417
1090	177.288	288.995
1091	41.182	179.788
1092	57.195	58.980
1093	60.417	159.233
1094	232.991	12.571
1095	187.094	26.048
1096	164.489	204.736
1097	2.747	146.260
1098	71.661	71.871
1099	159.398	30.021
1100	175.466	146.544
1101	123.041	38.435
1102	265.246	92.911
1103	54.622	278.320
1104	201.743	235.124
1105	12.543	31.971
1106	15.317	100.198
1107	11.353	18.824
1108	208.618	247.584
1109	120.771	35.716
1110	23.090	6.940
1111	239.564	272.826
1112	278.796	96.417
1113	228.596	52.013
1114	146.782	42.811
1115	37.391	184.558
1116	163.491	276.012
1117	208.737	295.056
1118	246.532	19.126
1119	295.450	8.377
1120	221.143	246.577
1121	73.885	146.727
1122	16.846	131.648
1123	188.595	233.338
1124	143.568	155.699
1125	212.198	150.032
1126	206.558	0.742
1127	55.272	145.308
1128	269.668	197.266
1129	10.318	139.879
1130	126.154	149.208
1131	264.293	26.569
1132	86.538	7.984
1133	264.019	111.441
1134	142.781	217.417
1135	269.073	92.956
1136	218.223	201.367
1137	76.128	226.106
1138	162.621	216.108
1139	249.544	68.419
1140	101.773	39.177
1141	242.192	254.698
1142	100.830	16.599
1143	241.331	297.198
1144	51.042	240.461
1145	223.432	258.461
1146	238.978	78.536
1147	52.654	193.338
1148	207.794	128.013
1149	107.321	107.331
1150	269.915	115.094
1151	268.551	27.915
1152	280.352	212.354
1153	55.675	235.884
1154	30.241	195.764
1155	142.698	53.542
1156	69.820	13.221
1157	240.132	36.576
1158	120.249	86.529
1159	176.711	266.546
1160	183.752	118.555
1161	65.224	190.738
1162	11.270	127.647
1163	86.950	206.522
1164	237.266	80.981
1165	278.961	236.790
1166	240.672	48.863
1167	258.791	293.518
1168	241.798	251.787
1169	170.788	76.247
1170	294.214	222.141
1171	88.452	202.548
1172	81.191	52.425
1173	57.250	16.965
1174	276.022	251.906
1175	112.265	275.793
1176	75.460	183.477
1177	54.942	254.076
1178	65.993	2.765
1179	123.481	272.149
1180	231.874	71.157
1181	241.102	88.269
1182	164.708	64.785
1183	176.592	254.369
1184	283.676	151.277
1185	101.627	181.738
1186	25.874	156.157
1187	279.070	13.633
1188	216.236	290.744
1189	266.683	51.491
1190	176.217	263.488
1191	270.730	31.742
1192	80.752	46.529
1193	233.668	100.198
1194	22.916	19.492
1195	190.472	80.615
1196	295.404	162.200
1197	177.810	84.588
1198	48.543	218.305
1199	230.619	259.478
1200	33.985	201.816
1201	250.230	21.278
1202	293.481	168.096
1203	278.686	269.430
1204	2.161	121.503
1205	63.411	230.161
1206	225.794	181.399
1207	246.696	225.602
1208	1.071	78.399
1209	164.351	215.229
1210	298.727	202.814
1211	287.970	6.711
1212	278.512	277.120
1213	95.025	282.962
1214	95.575	274.245
1215	1.401	142.213
1216	67.623	253.774
1217	240.471	198.172
1218	262.133	137.626
1219	223.304	36.869
1220	213.086	297.436
1221	264.321	277.377
1222	126.585	75.158
1223	206.659	132.911
1224	284.719	209.122
1225	131.849	119.636
1226	6.967	287.072
1227	87.930	209.598
1228	78.729	198.318
1229	120.551	74.947
1230	106.067	6.793
1231	241.377	120.331
1232	106.333	16.874
1233	118.143	50.072
1234	193.823	253.783
1235	220.823	267.324
1236	169.955	230.601
1237	8.130	151.891
1238	77.300	23.640
1239	288.968	13.623
1240	226.893	228.147
1241	242.869	168.297
1242	258.086	15.976
1243	134.184	32.786
1244	240.471	167.565
1245	204.077	286.532
1246	77.154	99.530
1247	174.825	195.956
1248	218.744	260.265
1249	50.896	49.028
1250	247.420	114.975
1251	50.987	196.487
1252	140.638	92.462
1253	55.492	46.849
1254	173.525	115.122
1255	3.845	212.043
1256	69.655	84.259
1257	125.999	50.420
1258	259.349	42.656
1259	42.427	104.199
1260	155.013	286.019
1261	117.136	178.002
1262	202.869	45.393
1263	197.916	155.589
1264	220.347	112.403
1265	28.263	1.474
1266	178.652	228.999
1267	65.444	44.459
1268	139.842	213.883
1269	88.873	89.770
1270	107.706	147.203
1271	33.399	256.850
1272	101.947	185.656
1273	131.693	289.645
1274	14.942	129.569
1275	0.220	236.113
1276	160.524	214.185
1277	53.185	144.090
1278	274.099	246.715
1279	78.683	170.092
1280	273.531	61.177
1281	161.641	248.207
1282	240.132	213.013
1283	287.704	115.726
1284	229.173	185.034
1285	212.674	42.537
1286	69.170	226.911
1287	131.620	61.113
1288	59.584	199.875
1289	132.307	143.916
1290	25.929	48.570
1291	167.043	25.169
1292	42.033	71.981
1293	27.531	213.855
1294	278.613	215.155
1295	157.064	194.729
1296	287.548	153.822
1297	84.295	164.379
1298	281.359	293.564
1299	113.144	199.106
1300	217.087	55.528
1301	53.102	201.422
1302	144.145	170.623
1303	24.354	222.269
1304	25.260	253.847
1305	122.053	5.622
1306	90.228	180.886
1307	74.178	52.425
1308	231.462	138.661
1309	177.343	50.758
1310	101.050	71.816
1311	144.832	269.109
1312	218.525	296.960
1313	151.387	259.560
1314	48.671	106.543
1315	109.033	167.821
1316	258.956	34.315
1317	258.315	197.055
1318	15.683	104.089
1319	9.320	222.132
1320	128.544	33.885
1321	217.005	201.486
1322	202.631	17.112
1323	124.854	83.261
1324	7.562	252.886
1325	161.687	152.623
1326	122.932	247.136
1327	25.654	217.243
1328	69.463	256.575
1329	239.949	77.639
1330	85.330	197.266
1331	214.505	279.482
1332	256.978	189.731
1333	98.276	194.455
1334	163.756	162.456
1335	56.142	226.884
1336	245.863	285.672
1337	55.135	92.618
1338	254.817	257.244
1339	94.128	267.470
1340	196.030	112.668
1341	61.489	51.656
1342	22.660	280.929
1343	55.089	247.502
1344	190.243	258.031
1345	48.863	296.942
1346	231.443	220.374
1347	40.568	276.031
1348	160.259	149.483
1349	164.873	293.014
1350	65.197	190.225
1351	106.287	187.075
1352	0.540	114.234
1353	296.292	174.505
1354	35.340	110.599
1355	28.950	239.207
1356	169.378	175.411
1357	79.571	114.435
1358	275.500	22.376
1359	160.543	52.617
1360	77.612	86.071
1361	298.938	30.113
1362	223.981	139.915
1363	70.113	283.831
1364	264.779	0.659
1365	271.856	226.499
1366	293.719	41.264
1367	73.116	137.663
1368	262.774	284.033
1369	222.178	277.001
1370	129.615	295.926
1371	248.161	16.984
1372	247.026	157.888
1373	240.608	41.905
1374	53.578	230.079
1375	241.304	9.742
1376	175.210	284.820
1377	32.777	124.232
1378	296.832	229.301
1379	157.897	213.581
1380	13.367	289.727
1381	54.823	263.039
1382	119.874	178.845
1383	141.856	197.952
1384	149.611	218.854
1385	136.381	164.333
1386	119.956	41.310
1387	142.433	3.735
1388	195.251	236.250
1389	91.144	69.399
1390	225.932	171.950
1391	168.545	280.370
1392	73.528	57.753
1393	214.954	160.689
1394	280.709	171.319
1395	130.558	60.390
1396	95.767	222.507
1397	171.300	5.155
1398	211.145	175.594
1399	169.607	271.627
1400	24.995	101.874
1401	164.370	135.118
1402	85.531	84.249
1403	274.355	86.731
1404	127.216	146.004
1405	199.637	66.616
1406	58.449	25.324
1407	85.293	210.358
1408	9.952	267.754
1409	131.849	255.303
1410	203.235	258.141
1411	86.602	203.720
1412	48.552	64.208
1413	200.626	189.740
1414	231.855	213.526
1415	285.360	46.739
1416	299.771	275.655
1417	253.481	122.336
1418	2.380	271.581
1419	278.365	237.614
1420	202.951	82.052
1421	56.362	137.635
1422	213.901	276.901
1423	106.497	129.963
1424	268.743	137.049
1425	91.729	158.217
1426	288.894	191.287
1427	96.417	207.419
1428	55.208	239.436
1429	144.063	288.061
1430	43.205	184.008
1431	289.947	195.746
1432	231.590	42.125
1433	172.930	293.353
1434	43.443	159.526
1435	60.793	212.427
1436	29.362	98.679
1437	173.534	20.902
1438	51.930	222.736
1439	18.915	153.813
1440	281.002	247.273
1441	224.769	154.006
1442	59.053	281.689
1443	202.274	19.694
1444	46.080	132.124
1445	124.726	5.731
1446	3.278	287.814
1447	256.127	275.445
1448	25.040	62.578
1449	113.804	149.886
1450	278.521	213.700
1451	99.850	151.570
1452	160.250	109.528
1453	285.205	289.261
1454	29.041	68.282
1455	181.243	180.905
1456	124.744	139.393
1457	182.974	161.577
1458	131.959	249.617
1459	118.290	273.156
1460	298.398	185.629
1461	87.619	182.809
1462	67.046	135.054
1463	228.477	227.021
1464	231.562	257.720
1465	89.074	28.053
1466	74.270	9.055
1467	245.589	279.830
1468	296.265	187.616
1469	247.291	249.892
1470	198.657	28.355
1471	23.997	194.610
1472	224.860	113.785
1473	40.257	34.214
1474	122.703	124.744
1475	130.485	184.750
1476	236.241	102.652
1477	99.603	93.652
1478	86.319	245.259
1479	223.496	76.037
1480	249.461	107.569
1481	233.567	198.346
1482	194.263	29.957
1483	19.959	6.345
1484	184.924	265.346
1485	37.602	44.386
1486	211.026	27.155
1487	149.611	262.691
1488	153.090	30.204
1489	292.401	159.618
1490	143.284	246.110
1491	196.744	255.834
1492	230.583	45.274
1493	49.422	147.038
1494	109.812	247.301
1495	229.530	232.441
1496	123.920	151.570
1497	204.013	265.621
1498	98.898	170.138
1499	116.797	24.665
1500	220.667	134.477
1501	55.831	48.689
1502	213.288	298.251
1503	232.377	237.248
1504	128.059	207.749
1505	57.030	259.816
1506	202.567	62.120
1507	246.834	172.115
1508	99.283	34.956
1509	247.713	86.099
1510	83.105	79.424
1511	206.806	290.542
1512	247.035	188.531
1513	78.976	69.088
1514	45.503	32.685
1515	1.794	212.693
1516	244.755	46.171
1517	223.542	273.138
1518	249.480	184.576
1519	218.451	54.787
1520	115.287	224.924
1521	73.702	291.229
1522	206.275	230.573
1523	182.379	3.690
1524	7.050	252.556
1525	226.948	188.348
1526	148.650	289.279
1527	87.436	229.008
1528	157.714	176.629
1529	58.943	282.394
1530	188.238	130.082
1531	12.516	232.698
1532	145.354	110.956
1533	284.152	62.423
1534	260.475	238.456
1535	25.883	36.201
1536	127.134	119.581
1537	3.800	144.649
1538	257.042	218.625
1539	176.904	205.039
1540	165.496	138.240
1541	241.505	65.691
1542	45.787	233.860
1543	75.396	110.920
1544	41.786	233.412
1545	166.247	13.477
1546	278.155	84.176
1547	158.428	131.336
1548	157.503	298.718
1549	102.963	195.627
1550	84.039	121.586
1551	144.584	286.724
1552	222.864	88.965
1553	230.610	245.259
1554	54.329	102.817
1555	75.771	114.994
1556	233.073	191.635
1557	67.623	164.379
1558	10.712	179.559
1559	46.538	83.700
1560	131.950	35.807
1561	245.094	104.740
1562	263.167	126.191
1563	120.844	39.653
1564	263.103	138.725
1565	267.186	186.206
1566	54.842	105.042
1567	136.354	95.978
1568	208.600	189.703
1569	59.264	52.589
1570	94.522	269.063
1571	296.283	56.764
1572	215.146	171.676
1573	203.446	265.053
1574	176.519	102.121
1575	148.604	79.177
1576	107.761	20.124
1577	261.574	132.884
1578	288.098	196.735
1579	152.962	173.040
1580	190.948	219.633
1581	285.855	81.979
1582	104.392	169.259
1583	134.861	37.959
1584	237.339	37.776
1585	116.816	160.579
1586	170.852	212.647
1587	27.522	137.956
1588	163.921	296.704
1589	68.941	82.720
1590	273.156	286.697
1591	201.184	113.520
1592	295.660	182.049
1593	3.653	209.040
1594	94.595	245.781
1595	179.852	231.278
1596	16.681	89.459
1597	89.898	165.148
1598	61.068	4.047
1599	245.634	171.062
1600	208.975	8.551
1601	252.153	197.522
1602	273.431	38.224
1603	230.546	250.542
1604	178.506	44.423
1605	105.994	166.787
1606	227.451	127.775
1607	295.761	287.310
1608	168.966	76.614
1609	281.194	78.674
1610	221.235	232.670
1611	98.459	298.535
1612	162.859	55.602
1613	32.145	52.297
1614	250.157	208.628
1615	246.101	38.014
1616	70.241	36.769
1617	136.042	26.066
1618	289.242	159.856
1619	38.206	70.837
1620	104.868	251.943
1621	278.356	101.013
1622	163.106	229.246
1623	195.691	185.464
1624	147.862	18.265
1625	225.867	21.653
1626	203.427	126.136
1627	77.621	243.327
1628	198.877	284.848
1629	287.265	194.382
1630	293.793	191.552
1631	185.546	165.954
1632	114.783	216.565
1633	161.156	43.278
1634	2.133	100.931
1635	55.281	259.597
1636	135.859	115.690
1637	71.624	3.525
1638	100.720	4.349
1639	236.204	77.300
1640	99.420	180.813
1641	291.293	252.217
1642	73.473	204.279
1643	258.031	18.549
1644	41.017	203.317
1645	251.823	76.714
1646	10.987	270.775
1647	85.147	266.362
1648	83.096	201.404
1649	242.009	280.590
1650	292.877	294.259
1651	258.415	61.873
1652	211.200	191.525
1653	293.326	226.856
1654	257.738	75.744
1655	124.396	16.507
1656	237.587	297.418
1657	152.916	18.952
1658	60.555	154.564
1659	152.248	261.519
1660	252.446	296.558
1661	44.230	19.007
1662	17.643	173.589
1663	237.944	135.127
1664	62.560	104.154
1665	114.994	103.760
1666	139.055	281.991
1667	296.091	7.169
1668	17.469	294.644
1669	72.787	157.888
1670	148.485	175.430
1671	139.256	141.151
1672	223.157	260.640
1673	208.097	4.862
1674	290.716	273.870
1675	144.731	193.860
1676	243.190	9.449
1677	204.828	275.344
1678	226.536	236.726
1679	8.835	252.501
1680	187.423	197.073
1681	238.411	12.992
1682	215.174	215.659
1683	88.717	109.317
1684	188.165	99.631
1685	161.293	17.872
1686	84.167	44.771
1687	231.645	73.656
1688	63.842	122.401
1689	76.028	227.305
1690	186.874	268.395
1691	291.815	21.598
1692	70.159	146.278
1693	195.773	134.156
1694	147.304	206.229
1695	234.639	283.099
1696	38.820	11.756
1697	292.392	142.817
1698	192.578	256.182
1699	128.544	166.530
1700	203.619	40.449
1701	231.947	262.481
1702	272.890	34.544
1703	24.271	120.844
1704	114.197	94.018
1705	97.809	37.996
1706	268.844	153.740
1707	21.680	35.166
1708	137.150	170.687
1709	201.138	18.284
1710	86.456	137.544
1711	224.009	275.930
1712	144.749	139.219
1713	78.957	262.169
1714	239.528	273.861
1715	279.720	61.397
1716	191.058	110.443
1717	79.745	81.695
1718	219.578	204.874
1719	11.765	73.894
1720	175.668	246.165
1721	136.399	223.066
1722	53.285	254.900
1723	234.410	9.330
1724	294.818	5.686
1725	226.838	284.948
1726	247.392	95.511
1727	157.485	64.345
1728	180.090	129.817
1729	122.034	74.325
1730	121.110	148.329
1731	78.234	60.894
1732	24.574	162.319
1733	221.564	99.924
1734	226.087	25.260
1735	60.591	108.374
1736	96.564	208.893
1737	176.647	2.976
1738	153.768	6.207
1739	1.941	103.247
1740	140.684	33.692
1741	100.693	25.681
1742	130.384	154.299
1743	187.497	166.118
1744	166.594	293.289
1745	167.382	116.971
1746	99.329	68.657
1747	232.002	216.364
1748	225.144	208.151
1749	96.133	275.921
1750	191.104	174.606
1751	9.101	184.219
1752	72.082	71.624
1753	25.251	32.612
1754	180.694	51.399
1755	168.114	260.448
1756	219.166	196.469
1757	72.393	66.469
1758	32.566	97.497
1759	138.313	283.364
1760	172.884	198.749
1761	82.647	262.151
1762	33.042	233.247
1763	220.759	63.512
1764	160.616	119.398
1765	164.095	202.832
1766	210.211	141.142
1767	267.534	45.741
1768	44.276	83.178
1769	210.816	1.181
1770	241.386	143.568
1771	48.616	208.829
1772	221.546	295.166
1773	213.480	267.644
1774	147.981	18.027
1775	106.122	202.585
1776	14.466	174.688
1777	157.366	16.269
1778	277.999	249.873
1779	96.142	122.446
1780	145.701	226.920
1781	107.926	8.167
1782	275.884	22.504
1783	17.982	121.622
1784	2.097	51.729
1785	183.798	132.316
1786	39.991	45.201
1787	131.016	60.674
1788	185.986	290.295
1789	117.392	123.875
1790	267.498	18.238
1791	158.968	94.641
1792	153.740	108.979
1793	202.942	20.142
1794	186.782	35.707
1795	181.674	97.626
1796	242.009	120.890
1797	31.999	53.825
1798	277.441	225.730
1799	214.441	24.931
1800	281.368	244.829
1801	116.532	283.978
1802	77.584	128.132
1803	274.776	12.653
1804	197.522	1.758
1805	99.448	264.275
1806	78.884	209.809
1807	36.741	214.808
1808	199.930	48.863
1809	152.641	248.939
1810	208.911	117.301
1811	172.738	77.895
1812	257.994	150.929
1813	162.566	36.064
1814	1.071	267.159
1815	282.751	53.093
1816	64.757	189.401
1817	3.232	248.537
1818	152.074	173.608
1819	11.206	45.778
1820	88.058	8.844
1821	296.814	52.260
1822	66.790	113.794
1823	51.262	2.673
1824	109.171	200.955
1825	61.626	12.186
1826	90.722	130.549
1827	36.586	236.488
1828	49.019	225.977
1829	247.749	185.537
1830	29.884	272.579
1831	220.649	287.942
1832	81.851	171.749
1833	260.009	52.709
1834	258.278	272.213
1835	43.516	225.465
1836	36.375	150.188
1837	68.548	285.699
1838	12.745	160.662
1839	186.196	182.278
1840	184.466	31.230
1841	106.919	53.825
1842	75.469	20.746
1843	12.360	230.967
1844	117.301	114.362
1845	157.530	67.229
1846	243.831	77.090
1847	297.739	295.633
1848	209.085	37.556
1849	224.796	257.637
1850	287.851	223.917
1851	146.773	101.489
1852	268.148	123.811
1853	95.602	196.762
1854	195.132	190.225
1855	97.058	61.956
1856	175.704	65.078
1857	287.420	152.147
1858	3.250	42.555
1859	11.078	103.311
1860	111.936	43.809
1861	183.798	80.551
1862	119.718	125.239
1863	155.489	26.743
1864	69.756	91.885
1865	257.445	158.776
1866	29.344	138.084
1867	67.916	208.005
1868	155.892	87.106
1869	280.764	152.037
1870	189.218	51.665
1871	11.289	234.492
1872	179.623	87.234
1873	123.893	19.813
1874	211.081	160.021
1875	215.622	279.885
1876	28.895	101.407
1877	140.272	259.267
1878	231.288	270.885
1879	7.260	116.221
1880	234.080	199.152
1881	239.665	185.995
1882	68.200	133.442
1883	125.788	263.552
1884	19.025	56.856
1885	48.717	152.467
1886	67.147	203.574
1887	128.178	176.986
1888	39.854	41.804
1889	159.014	203.894
1890	32.786	46.538
1891	180.740	71.368
1892	211.035	233.604
1893	262.600	271.517
1894	149.089	77.273
1895	38.298	83.361
1896	119.105	83.151
1897	175.054	103.522
1898	286.715	38.078
1899	11.069	71.010
1900	223.844	209.214
1901	146.031	133.396
1902	97.946	213.874
1903	18.888	50.941
1904	246.916	32.292
1905	157.292	285.781
1906	199.133	284.921
1907	33.079	72.887
1908	148.064	246.239
1909	8.258	19.794
1910	240.599	17.057
1911	105.701	131.858
1912	88.781	227.085
1913	189.080	209.973
1914	164.049	289.489
1915	286.349	117.695
1916	283.493	279.684
1917	241.139	264.522
1918	147.496	259.899
1919	126.466	102.240
1920	138.166	21.561
1921	5.127	81.283
1922	137.718	267.315
1923	171.154	63.897
1924	276.580	104.511
1925	156.624	241.029
1926	170.138	272.250
1927	38.426	249.773
1928	253.929	73.492
1929	229.063	138.322
1930	276.260	134.495
1931	286.056	75.240
1932	57.991	163.161
1933	124.332	49.907
1934	278.585	228.330
1935	265.822	61.122
1936	297.867	131.849
1937	10.813	240.571
1938	73.034	295.257
1939	65.334	208.243
1940	180.053	233.027
1941	108.942	106.442
1942	98.917	134.202
1943	237.358	209.534
1944	172.216	124.305
1945	64.226	55.931
1946	196.268	29.344
1947	216.529	299.680
1948	54.274	213.938
1949	7.801	128.022
1950	150.829	15.244
1951	223.753	42.216
1952	157.137	44.761
1953	4.486	148.192
1954	126.447	79.653
1955	57.900	154.125
1956	88.836	15.720
1957	288.345	221.711
1958	85.018	103.696
1959	175.201	167.959
1960	48.222	140.831
1961	185.665	64.537
1962	293.884	139.631
1963	255.962	31.413
1964	226.124	45.650
1965	225.611	171.694
1966	220.768	126.099
1967	58.907	244.527
1968	94.000	201.312
1969	238.182	23.063
1970	16.178	240.819
1971	162.978	234.162
1972	280.160	195.956
1973	39.790	226.829
1974	83.389	90.851
1975	196.570	66.231
1976	133.396	43.736
1977	6.326	200.250
1978	235.774	40.330
1979	254.433	95.236
1980	274.190	31.321
1981	33.683	88.104
1982	241.789	175.695
1983	101.856	51.408
1984	233.311	1.849
1985	185.794	18.476
1986	257.372	208.399
1987	66.570	265.310
1988	178.103	176.428
1989	30.186	296.182
1990	245.872	15.180
1991	17.945	229.923
1992	126.044	213.095
1993	261.080	133.543
1994	185.492	215.806
1995	33.876	200.296
1996	246.001	103.357
1997	9.833	18.842
1998	164.150	88.232
1999	55.007	130.631
2000	146.837	206.128
2001	43.095	222.123
2002	61.974	21.433
2003	26.569	148.906
2004	153.639	119.214
2005	148.265	238.548
2006	21.158	105.573
2007	227.689	168.957
2008	71.358	288.327
2009	6.601	69.289
2010	203.455	259.761
2011	288.134	140.117
2012	235.984	53.514
2013	253.746	39.872
2014	135.017	97.278
2015	192.651	34.315
2016	53.203	233.256
2017	127.747	56.023
2018	38.865	28.327
2019	272.753	170.678
2020	24.628	45.778
2021	104.648	97.058
2022	254.854	0.266
2023	186.023	77.657
2024	61.397	68.218
2025	221.519	146.709
2026	246.971	75.304
2027	182.882	92.608
2028	85.403	132.957
2029	86.969	161.504
2030	198.392	145.784
2031	160.945	298.956
2032	217.911	261.721
2033	279.272	76.614
2034	93.799	286.898
2035	106.726	100.711
2036	255.788	136.976
2037	31.825	149.236
2038	189.392	246.907
2039	125.037	234.703
2040	235.124	110.965
2041	206.256	139.421
2042	170.220	174.917
2043	55.712	20.060
2044	282.440	152.202
2045	152.944	28.437
2046	295.175	186.059
2047	177.938	45.421
2048	53.331	29.389
2049	159.069	174.688
2050	29.371	264.275
2051	2.023	93.487
2052	158.702	132.984
2053	184.173	6.958
2054	164.104	202.503
2055	248.738	103.156
2056	178.323	234.126
2057	283.181	55.391
2058	24.226	180.447
2059	216.071	269.118
2060	162.108	81.137
2061	16.965	119.773
2062	263.131	179.806
2063	133.552	278.970
2064	218.735	33.509
2065	150.417	175.411
2066	145.070	37.007
2067	104.016	87.829
2068	291.852	233.421
2069	37.922	116.504
2070	115.204	133.415
2071	132.966	130.448
2072	123.701	114.618
2073	296.493	137.004
2074	56.948	23.109
2075	45.274	70.800
2076	6.317	49.046
2077	266.243	248.949
2078	136.894	98.093
2079	189.575	289.224
2080	220.237	30.708
2081	158.473	138.331
2082	37.254	291.018
2083	229.978	106.964
2084	60.582	197.220
2085	91.217	258.507
2086	175.777	15.427
2087	225.446	248.408
2088	50.813	188.751
2089	212.290	260.970
2090	113.172	243.529
2091	96.518	240.535
2092	143.880	44.569
2093	109.803	163.775
2094	148.009	221.363
2095	179.669	50.163
2096	210.843	236.955
2097	210.257	57.369
2098	99.173	221.574
2099	169.039	258.498
2100	117.118	242.723
2101	64.034	147.981
2102	75.771	133.653
2103	45.787	173.196
2104	286.129	152.202
2105	118.528	238.411
2106	234.565	191.662
2107	294.891	178.094
2108	50.420	215.741
2109	78.591	146.480
2110	124.845	239.427
2111	209.387	220.200
2112	90.420	127.619
2113	154.665	160.836
2114	20.930	233.366
2115	282.211	134.367
2116	260.558	147.642
2117	98.257	34.306
2118	42.024	182.617
2119	285.488	5.393
2120	2.921	160.030
2121	225.053	114.801
2122	59.676	126.859
2123	237.330	267.626
2124	148.494	269.942
2125	225.428	113.630
2126	92.682	151.497
2127	56.124	42.051
2128	105.747	237.458
2129	262.481	11.371
2130	289.517	140.410
2131	2.353	10.941
2132	36.860	149.071
2133	157.613	101.260
2134	198.245	166.182
2135	107.862	229.942
2136	221.418	226.655
2137	263.579	170.009
2138	23.942	17.844
2139	92.645	77.667
2140	7.498	73.949
2141	124.973	216.181
2142	273.669	266.124
2143	69.207	42.848
2144	250.432	60.564
2145	26.350	6.043
2146	88.791	66.121
2147	234.281	248.930
2148	238.896	43.452
2149	27.732	166.988
2150	264.998	97.607
2151	148.173	216.135
2152	208.664	225.877
2153	87.683	18.256
2154	159.664	142.735
2155	1.556	161.119
2156	143.733	253.920
2157	73.794	239.454
2158	186.810	1.263
2159	269.778	234.107
2160	264.980	150.453
2161	260.814	176.281
2162	299.496	143.303
2163	54.576	93.423
2164	206.366	86.639
2165	216.126	283.987
2166	159.746	299.542
2167	113.511	17.652
2168	178.607	190.884
2169	272.845	108.164
2170	95.996	188.998
2171	76.641	255.275
2172	220.338	95.364
2173	190.326	203.153
2174	148.000	284.243
2175	50.877	111.679
2176	236.763	19.968
2177	102.249	187.854
2178	199.234	214.103
2179	11.783	73.885
2180	225.867	93.826
2181	152.129	139.146
2182	296.832	203.977
2183	282.870	72.585
2184	92.059	14.228
2185	16.379	222.709
2186	259.020	153.475
2187	102.322	181.774
2188	247.356	243.199
2189	114.875	61.351
2190	70.022	251.732
2191	277.441	155.828
2192	0.046	241.377
2193	8.954	240.956
2194	162.502	130.064
2195	26.286	204.178
2196	30.873	39.607
2197	287.017	253.755
2198	87.445	152.293
2199	7.077	3.351
2200	256.713	47.838
2201	137.535	79.241
2202	71.624	42.399
2203	134.944	146.654
2204	281.698	1.666
2205	209.626	2.509
2206	62.505	249.818
2207	286.248	31.166
2208	35.954	46.272
2209	261.080	170.119
2210	160.652	52.104
2211	290.332	282.504
2212	1.740	57.936
2213	293.902	183.432
2214	39.671	195.260
2215	108.887	116.779
2216	127.134	203.024
2217	77.374	229.511
2218	53.633	171.383
2219	202.695	140.309
2220	127.143	34.434
2221	58.632	149.455
2222	131.977	33.940
2223	285.965	86.703
2224	272.497	25.654
2225	60.628	44.258
2226	61.937	150.508
2227	68.053	191.452
2228	265.694	142.158
2229	267.763	18.183
2230	258.489	93.002
2231	182.891	204.031
2232	104.758	250.450
2233	298.883	259.615
2234	21.717	265.383
2235	5.649	237.541
2236	234.364	264.541
2237	267.827	259.386
2238	181.829	268.926
2239	157.128	155.818
2240	84.533	29.893
2241	231.535	166.695
2242	231.462	4.935
2243	95.474	197.998
2244	96.811	144.978
2245	125.486	82.427
2246	145.692	215.018
2247	95.575	140.675
2248	37.895	120.176
2249	186.865	290.039
2250	289.434	58.742
2251	115.763	297.491
2252	200.882	174.349
2253	65.014	23.869
2254	12.314	128.947
2255	52.159	156.240
2256	93.835	68.722
2257	219.541	175.082
2258	31.202	104.428
2259	180.483	53.478
2260	16.068	78.472
2261	205.817	34.910
2262	200.012	40.202
2263	285.296	186.654
2264	121.760	201.642
2265	148.064	75.643
2266	167.180	195.215
2267	176.849	263.689
2268	271.105	5.640
2269	299.899	268.889
2270	220.612	297.610
2271	95.364	90.100
2272	69.024	11.261
2273	192.331	241.469
2274	220.045	47.398
2275	102.826	193.622
2276	291.339	114.106
2277	69.372	68.777
2278	217.023	256.813
2279	262.270	86.282
2280	298.407	143.632
2281	111.066	205.661
2282	62.276	127.885
2283	104.602	164.049
2284	136.317	159.581
2285	144.008	254.735
2286	100.702	267.827
2287	82.894	43.901
2288	125.596	186.004
2289	139.402	172.271
2290	253.710	41.639
2291	214.148	238.511
2292	37.300	282.733
2293	298.654	11.536
2294	189.172	62.468
2295	108.612	268.239
2296	256.758	54.329
2297	126.328	3.699
2298	278.906	219.230
2299	86.612	110.837
2300	134.687	296.677
2301	90.786	76.128
2302	43.498	141.920
2303	82.794	188.531
2304	125.935	180.813
2305	172.179	8.286
2306	84.799	4.303
2307	237.953	192.615
2308	215.586	174.523
2309	98.010	225.089
2310	5.805	164.187
2311	178.304	45.576
2312	32.640	201.312
2313	66.185	227.744
2314	118.097	241.102
2315	282.321	0.714
2316	51.244	236.827
2317	155.544	62.139
2318	36.769	31.596
2319	134.989	179.211
2320	279.299	42.921
2321	223.927	24.693
2322	162.822	161.934
2323	169.634	144.786
2324	34.635	139.100
2325	293.710	105.683
2326	53.121	78.335
2327	197.192	15.757
2328	8.753	111.469
2329	224.860	70.150
2330	277.798	274.731
2331	223.048	114.719
2332	17.899	259.313
2333	175.457	176.235
2334	265.154	57.918
2335	251.265	55.583
2336	241.807	278.970
2337	49.797	131.034
2338	234.135	150.453
2339	276.452	268.230
2340	249.837	85.403
2341	33.857	183.972
2342	14.200	230.702
2343	163.015	260.585
2344	14.658	71.139
2345	118.427	157.649
2346	152.788	110.691
2347	11.975	218.259
2348	213.434	202.768
2349	109.592	16.224
2350	210.175	51.335
2351	115.278	241.652
2352	16.462	54.924
2353	126.814	171.227
2354	241.972	215.128
2355	197.531	220.539
2356	163.372	81.768
2357	88.461	24.958
2358	69.005	156.386
2359	45.366	46.217
2360	226.792	225.987
2361	284.875	151.360
2362	234.748	148.997
2363	24.207	161.092
2364	263.506	65.224
2365	38.884	14.310
2366	150.215	151.671
2367	282.595	45.759
2368	253.151	196.167
2369	153.887	223.569
2370	26.441	10.639
2371	143.898	43.690
2372	24.354	55.913
2373	149.391	28.053
2374	294.369	299.908
2375	85.733	223.258
2376	268.477	281.057
2377	184.027	246.760
2378	12.223	198.978
2379	6.684	177.389
2380	140.648	4.074
2381	166.128	237.092
2382	260.558	208.106
2383	80.605	60.692
2384	148.613	187.432
2385	251.796	0.732
2386	224.549	101.013
2387	298.434	164.022
2388	128.764	94.925
2389	30.369	227.003
2390	63.970	215.146
2391	197.476	226.618
2392	109.885	100.784
2393	297.592	273.705
2394	70.653	79.360
2395	278.219	285.690
2396	164.278	36.100
2397	216.016	85.495
2398	13.330	79.214
2399	8.615	63.558
2400	146.489	272.835
2401	63.173	49.760
2402	170.128	159.682
2403	215.888	192.257
2404	219.440	145.253
2405	267.049	289.947
2406	148.430	65.352
2407	265.813	175.613
2408	68.099	8.982
2409	29.160	296.429
2410	292.337	218.250
2411	229.511	288.885
2412	100.674	37.446
2413	35.093	94.861
2414	277.578	232.945
2415	237.797	215.860
2416	137.278	255.870
2417	252.565	252.080
2418	293.939	169.414
2419	22.907	123.472
2420	86.099	12.735
2421	16.901	119.407
2422	15.171	23.182
2423	147.844	273.925
2424	207.053	188.824
2425	104.209	13.532
2426	156.423	153.117
2427	123.142	74.242
2428	62.999	43.626
2429	191.818	134.889
2430	19.163	246.614
2431	11.179	163.463
2432	58.357	99.393
2433	106.351	123.481
2434	23.576	122.373
2435	118.006	37.153
2436	165.340	262.590
2437	59.301	152.266
2438	228.550	270.620
2439	272.561	209.626
2440	37.565	82.849
2441	170.074	258.022
2442	238.997	30.808
2443	193.548	213.453
2444	211.283	249.544
2445	176.473	9.650
2446	200.873	6.912
2447	43.690	236.625
2448	193.988	225.666
2449	232.835	14.127
2450	183.551	20.106
2451	271.563	97.140
2452	40.632	119.388
2453	95.502	159.801
2454	49.742	99.045
2455	140.812	55.144
2456	17.331	193.017
2457	295.953	297.235
2458	112.952	7.562
2459	47.060	162.520
2460	152.431	109.464
2461	201.248	57.607
2462	182.342	9.915
2463	122.126	249.965
2464	275.280	16.288
2465	162.136	208.591
2466	295.212	173.534
2467	225.840	251.650
2468	242.338	167.098
2469	248.628	147.633
2470	136.866	9.229
2471	125.330	267.306
2472	50.905	280.599
2473	72.951	232.908
2474	148.109	248.976
2475	161.879	61.855
2476	140.236	137.049
2477	0.192	251.585
2478	120.093	161.064
2479	5.136	102.478
2480	80.239	212.262
2481	146.315	25.764
2482	76.778	2.921
2483	294.964	233.265
2484	147.661	249.059
2485	163.646	55.794
2486	144.850	211.310
2487	270.730	187.286
2488	89.734	266.298
2489	114.023	101.151
2490	11.133	30.012
2491	88.076	136.244
2492	175.356	105.307
2493	29.261	198.776
2494	67.522	75.176
2495	23.273	77.548
2496	33.757	213.938
2497	259.249	218.955
2498	43.388	137.956
2499	164.965	158.959
2500	80.706	67.971
2501	207.456	58.669
2502	225.538	24.766
2503	293.472	140.638
2504	132.133	230.152
2505	254.021	172.463
2506	165.578	135.044
2507	247.603	94.833
2508	5.310	246.651
2509	266.253	40.770
2510	274.895	276.461
2511	178.954	242.924
2512	7.581	181.079
2513	96.719	275.838
2514	7.022	17.652
2515	93.707	230.079
2516	112.439	85.925
2517	268.789	265.026
2518	127.638	278.503
2519	181.912	237.312
2520	223.286	111.588
2521	149.638	51.674
2522	71.871	157.778
2523	134.266	31.156
2524	24.537	52.828
2525	210.834	153.511
2526	289.361	98.459
2527	146.471	150.728
2528	220.338	132.774
2529	276.388	218.451
2530	276.553	290.451
2531	10.968	132.334
2532	60.720	24.372
2533	58.266	117.988
2534	96.710	10.758
2535	196.286	71.606
2536	155.269	9.421
2537	179.476	178.039
2538	287.310	1.309
2539	113.776	123.124
2540	74.297	75.011
2541	84.579	247.337
2542	154.921	84.140
2543	171.987	37.446
2544	37.529	247.548
2545	37.767	3.214
2546	157.695	114.115
2547	118.381	235.829
2548	90.255	64.171
2549	8.386	195.087
2550	275.243	69.189
2551	268.706	222.233
2552	67.009	181.838
2553	244.005	25.159
2554	66.057	178.149
2555	223.716	33.006
2556	42.756	123.719
2557	230.921	266.930
2558	112.485	185.821
2559	173.544	223.972
2560	71.532	263.231
2561	242.274	120.936
2562	53.066	155.818
2563	289.462	95.016
2564	112.650	245.506
2565	73.519	108.200
2566	102.533	110.782
2567	3.131	152.220
2568	144.337	146.370
2569	65.545	201.019
2570	59.181	10.108
2571	173.516	107.468
2572	164.956	168.838
2573	215.155	91.382
2574	299.826	65.169
2575	41.063	215.549
2576	81.603	77.090
2577	73.162	96.774
2578	262.178	192.093
2579	69.564	248.756
2580	86.364	167.977
2581	29.902	3.598
2582	114.820	101.929
2583	175.439	9.027
2584	19.932	179.962
2585	88.324	47.975
2586	214.606	28.428
2587	244.517	177.535
2588	122.785	39.644
2589	24.473	134.138
2590	151.570	293.298
2591	236.341	201.788
2592	173.873	45.732
2593	35.597	290.286
2594	81.356	8.853
2595	175.988	120.258
2596	16.764	190.536
2597	75.671	261.931
2598	145.161	18.375
2599	33.345	24.454
2600	273.376	118.903
2601	278.439	42.766
2602	77.108	173.717
2603	89.889	158.620
2604	245.058	24.784
2605	67.934	143.037
2606	199.243	250.615
2607	293.033	156.706
2608	201.331	85.156
2609	156.615	95.383
2610	203.867	1.401
2611	97.855	117.109
2612	256.063	231.516
2613	230.811	298.196
2614	223.524	145.271
2615	296.466	214.707
2616	31.074	258.892
2617	123.829	296.493
2618	288.400	95.932
2619	234.739	50.484
2620	7.398	272.286
2621	276.470	100.272
2622	271.242	226.957
2623	16.681	138.670
2624	63.869	270.721
2625	285.104	40.358
2626	19.803	274.392
2627	196.167	131.281
2628	3.342	68.630
2629	37.190	61.782
2630	276.727	177.105
2631	156.258	80.322
2632	266.390	154.958
2633	134.349	254.643
2634	186.993	54.439
2635	276.003	237.312
2636	132.371	189.547
2637	102.881	222.416
2638	92.828	221.509
2639	84.716	290.423
2640	8.231	237.156
2641	91.839	287.896
2642	16.160	41.850
2643	203.821	139.128
2644	4.596	238.978
2645	58.550	36.476
2646	128.489	117.768
2647	276.104	106.250
2648	199.472	121.549
2649	41.704	197.073
2650	208.335	17.963
2651	82.482	287.603
2652	189.373	243.336
2653	21.854	60.427
2654	186.160	242.851
2655	246.422	239.097
2656	28.053	78.600
2657	269.475	35.020
2658	276.809	27.210
2659	125.578	201.349
2660	152.669	238.997
2661	80.532	40.394
2662	99.384	280.526
2663	91.198	261.794
2664	297.409	32.466
2665	299.506	38.014
2666	84.716	264.605
2667	94.906	154.280
2668	94.687	159.792
2669	29.948	299.643
2670	70.241	8.908
2671	222.965	296.191
2672	163.839	48.524
2673	132.536	213.187
2674	182.479	63.247
2675	238.063	163.051
2676	87.271	24.528
2677	10.602	126.072
2678	106.873	87.985
2679	208.692	0.641
2680	174.129	220.887
2681	283.190	226.087
2682	45.311	181.829
2683	125.843	174.615
2684	111.469	124.451
2685	245.598	59.740
2686	60.976	147.029
2687	7.370	257.573
2688	202.960	259.825
2689	17.432	188.156
2690	210.779	292.126
2691	189.795	253.700
2692	94.998	10.785
2693	178.158	280.380
2694	265.291	172.170
2695	7.517	60.866
2696	90.448	279.363
2697	90.109	244.261
2698	216.190	66.488
2699	259.725	170.275
2700	249.763	182.214
2701	9.101	194.821
2702	71.120	93.881
2703	164.599	3.488
2704	279.666	84.707
2705	82.427	160.121
2706	136.189	265.383
2707	201.166	187.130
2708	209.333	172.362
2709	134.413	124.589
2710	285.836	274.474
2711	38.563	64.895
2712	54.073	259.816
2713	239.482	109.894
2714	20.243	224.824
2715	252.886	47.279
2716	266.472	237.339
2717	282.659	293.326
2718	210.331	195.553
2719	31.394	98.578
2720	275.097	254.808
2721	7.682	263.625
2722	230.097	143.934
2723	164.415	61.553
2724	210.614	43.196
2725	152.522	114.335
2726	76.586	145.619
2727	224.549	19.538
2728	119.553	73.556
2729	172.381	74.728
2730	277.303	72.411
2731	133.515	96.042
2732	265.383	53.468
2733	50.310	178.085
2734	185.116	207.483
2735	116.459	291.833
2736	117.237	161.110
2737	195.233	267.571
2738	60.710	98.065
2739	243.703	59.584
2740	226.069	216.648
2741	27.448	39.644
2742	42.500	145.775
2743	160.076	15.995
2744	88.333	91.263
2745	51.775	24.866
2746	204.022	234.254
2747	201.706	91.336
2748	97.150	153.658
2749	218.003	206.293
2750	198.877	194.482
2751	0.311	116.614
2752	80.981	253.993
2753	268.954	175.274
2754	293.179	7.443
2755	275.024	148.183
2756	129.789	245.415
2757	276.095	224.906
2758	185.418	44.423
2759	11.609	229.814
2760	108.731	242.998
2761	162.520	80.807
2762	113.950	144.685
2763	129.386	192.322
2764	259.322	20.270
2765	13.523	69.527
2766	51.875	230.757
2767	135.383	90.695
2768	188.083	243.181
2769	274.639	224.403
2770	289.453	61.104
2771	66.268	78.683
2772	142.744	141.572
2773	37.181	28.867
2774	104.035	220.457
2775	217.536	20.920
2776	75.936	18.165
2777	11.307	297.391
2778	217.536	147.432
2779	160.387	42.518
2780	96.280	195.096
2781	286.578	293.756
2782	41.255	99.860
2783	45.961	216.181
2784	207.154	297.803
2785	79.928	286.999
2786	208.408	157.466
2787	297.198	286.816
2788	232.798	76.586
2789	71.331	244.682
2790	193.942	162.127
2791	288.070	33.647
2792	232.011	265.603
2793	126.740	63.842
2794	22.047	295.605
2795	210.404	269.851
2796	199.335	179.275
2797	208.710	139.293
2798	61.040	194.757
2799	128.214	279.574
2800	253.719	146.333
2801	274.374	169.478
2802	105.774	204.315
2803	119.452	92.654
2804	114.646	81.301
2805	61.049	99.860
2806	147.588	267.077
2807	5.292	96.683
2808	265.896	193.466
2809	259.285	203.803
2810	131.684	51.656
2811	167.016	86.575
2812	6.629	233.329
2813	273.357	0.833
2814	202.127	17.743
2815	150.188	151.753
2816	190.133	276.662
2817	69.344	212.647
2818	234.190	118.802
2819	156.532	100.693
2820	149.904	45.924
2821	110.700	256.301
2822	154.299	42.289
2823	23.218	123.069
2824	213.407	69.308
2825	281.268	275.225
2826	147.487	87.463
2827	189.666	289.370
2828	203.217	177.160
2829	195.819	207.483
2830	152.275	280.544
2831	151.781	87.957
2832	225.666	136.015
2833	298.141	91.665
2834	143.110	127.473
2835	103.833	99.750
2836	147.029	20.042
2837	146.535	110.260
2838	0.284	204.178
2839	67.696	110.260
2840	157.237	20.069
2841	186.901	70.479
2842	167.382	184.237
2843	109.684	259.258
2844	20.985	290.048
2845	113.291	122.657
2846	96.133	204.205
2847	144.804	127.830
2848	16.434	231.013
2849	115.891	16.086
2850	178.918	166.247
2851	228.614	263.057
2852	261.391	212.610
2853	216.657	192.376
2854	268.642	278.475
2855	136.436	140.052
2856	226.957	32.044
2857	92.288	216.309
2858	186.160	132.582
2859	30.250	61.626
2860	238.731	110.617
2861	284.829	244.215
2862	115.213	219.175
2863	112.925	95.346
2864	165.450	27.631
2865	299.652	129.835
2866	284.848	180.410
2867	170.000	248.207
2868	95.181	91.949
2869	191.076	67.660
2870	239.308	100.317
2871	199.060	78.646
2872	299.002	250.926
2873	235.389	73.794
2874	95.511	32.475
2875	26.460	146.278
2876	182.104	236.918
2877	191.351	104.337
2878	187.918	165.267
2879	11.664	198.904
2880	122.593	51.262
2881	248.299	211.200
2882	0.998	124.616
2883	139.018	97.150
2884	197.522	185.794
2885	61.663	135.511
2886	289.123	114.216
2887	197.046	176.601
2888	296.677	81.741
2889	76.028	138.450
2890	283.978	293.271
2891	145.262	147.368
2892	123.646	226.325
2893	35.670	69.610
2894	189.520	191.690
2895	68.465	131.236
2896	284.610	86.639
2897	82.611	272.863
2898	264.376	262.920
2899	18.540	236.259
2900	264.376	281.222
2901	242.164	129.688
2902	91.775	174.056
2903	43.727	168.847
2904	190.179	288.949
2905	95.941	240.123
2906	136.976	133.671
2907	105.454	83.407
2908	82.766	95.621
2909	142.488	140.986
2910	192.148	157.009
2911	182.608	269.475
2912	195.123	77.868
2913	45.256	261.849
2914	108.832	268.715
2915	263.341	276.223
2916	38.581	24.674
2917	68.181	18.339
2918	117.878	143.092
2919	224.366	174.688
2920	296.585	296.338
2921	298.709	143.037
2922	136.821	281.817
2923	197.760	57.323
2924	125.752	20.957
2925	58.339	253.783
2926	164.818	229.173
2927	225.263	175.109
2928	44.642	128.452
2929	200.754	59.584
2930	265.108	124.799
2931	100.043	212.152
2932	209.882	122.007
2933	197.229	3.964
2934	134.861	193.951
2935	296.045	97.827
2936	79.818	287.082
2937	209.781	145.811
2938	62.670	275.143
2939	84.744	256.392
2940	65.755	37.849
2941	51.674	277.715
2942	273.449	285.479
2943	39.460	94.009
2944	70.553	201.257
2945	135.502	81.887
2946	160.808	123.344
2947	227.168	123.499
2948	14.841	238.438
2949	208.673	223.478
2950	107.065	208.637
2951	87.747	226.325
2952	250.716	3.735
2953	76.504	181.426
2954	190.600	260.530
2955	0.842	52.242
2956	62.807	41.191
2957	212.793	16.855
2958	280.782	212.647
2959	40.129	56.444
2960	257.097	118.509
2961	157.768	78.912
2962	20.426	265.877
2963	115.085	174.129
2964	236.964	198.529
2965	103.751	148.109
2966	195.700	78.545
2967	0.330	32.603
2968	66.936	248.244
2969	268.111	117.237
2970	93.506	94.174
2971	152.403	100.940
2972	23.823	85.266
2973	153.868	109.656
2974	146.471	206.732
2975	14.054	177.041
2976	35.395	161.834
2977	97.717	35.194
2978	265.328	263.314
2979	106.076	12.241
2980	206.577	286.248
2981	5.585	83.526
2982	158.831	4.413
2983	106.525	273.495
2984	33.070	181.893
2985	75.661	54.979
2986	141.206	241.716
2987	117.603	242.879
2988	202.594	83.718
2989	208.966	228.944
2990	27.036	173.177
2991	19.913	54.769
2992	83.480	172.225
2993	207.373	169.680
2994	13.742	135.932
2995	214.258	270.446
2996	200.909	44.926
2997	159.178	269.741
2998	251.439	196.405
2999	150.929	290.167
3000	100.555	25.361
3001	112.146	30.763
3002	0.366	278.100
3003	46.529	102.826
3004	299.771	109.565
3005	234.025	281.918
3006	275.884	26.817
3007	88.241	273.028
3008	226.206	150.050
3009	260.640	35.643
3010	80.789	213.416
3011	125.660	165.688
3012	244.060	77.291
3013	31.394	281.130
3014	25.324	273.998
3015	150.032	108.191
3016	267.708	158.721
3017	212.381	15.079
3018	134.541	87.674
3019	61.122	289.956
3020	62.871	95.209
3021	206.842	110.150
3022	243.263	291.833
3023	221.464	299.551
3024	35.313	255.046
3025	153.282	20.756
3026	278.457	234.785
3027	98.148	199.326
3028	106.983	245.415
3029	110.993	226.453
3030	129.221	166.073
3031	92.178	137.498
3032	279.711	221.390
3033	33.088	212.775
3034	4.157	164.196
3035	255.211	297.784
3036	186.343	132.417
3037	227.113	89.615
3038	76.312	1.794
3039	93.844	286.468
3040	29.463	206.330
3041	202.960	147.084
3042	15.592	248.463
3043	61.498	57.067
3044	207.556	270.748
3045	108.567	148.869
3046	208.701	110.901
3047	237.605	272.405
3048	228.623	12.159
3049	252.876	163.079
3050	166.512	110.727
3051	94.476	4.212
3052	211.438	172.344
3053	216.373	230.619
3054	119.068	299.652
3055	251.585	170.284
3056	174.139	182.388
3057	249.205	71.029
3058	97.955	12.223
3059	217.344	109.015
3060	110.471	34.132
3061	156.633	25.883
3062	106.204	56.114
3063	218.415	191.598
3064	253.407	89.221
3065	172.170	239.619
3066	175.777	139.769
3067	216.520	271.545
3068	26.322	25.507
3069	218.076	177.874
3070	12.415	237.724
3071	12.708	271.865
3072	181.719	221.097
3073	253.398	283.401
3074	28.135	193.255
3075	139.183	209.635
3076	27.338	175.796
3077	209.552	69.390
3078	161.092	258.718
3079	238.585	258.132
3080	239.857	270.135
3081	113.337	150.352
3082	83.004	173.168
3083	30.763	246.413
3084	166.045	261.812
3085	97.525	110.443
3086	194.134	77.694
3087	167.135	96.463
3088	111.460	219.687
3089	298.846	9.348
3090	105.637	268.084
3091	272.423	297.775
3092	216.630	295.312
3093	43.571	125.651
3094	9.540	85.083
3095	173.965	19.446
3096	120.670	231.819
3097	220.594	137.663
3098	136.125	142.149
3099	118.555	59.859
3100	12.488	110.508
3101	141.893	141.801
3102	98.853	90.640
3103	276.662	133.699
3104	69.491	234.785
3105	290.670	208.444
3106	226.829	22.605
3107	134.303	96.628
3108	83.691	151.625
3109	156.807	275.307
3110	84.652	110.974
3111	172.298	7.352
3112	175.411	110.572
3113	160.002	78.271
3114	179.925	287.310
3115	133.067	227.287
3116	194.473	160.277
3117	160.250	19.749
3118	258.095	257.015
3119	174.953	57.579
3120	208.820	182.379
3121	255.916	274.602
3122	184.924	152.138
3123	113.977	13.807
3124	280.746	263.085
3125	269.265	233.375
3126	116.376	21.525
3127	53.175	238.054
3128	130.531	202.091
3129	19.547	83.279
3130	256.099	258.617
3131	299.396	148.466
3132	187.625	259.111
3133	83.517	26.514
3134	200.259	266.628
3135	267.544	226.481
3136	129.304	137.828
3137	43.471	136.097
3138	270.043	161.321
3139	272.442	241.295
3140	6.876	107.395
3141	222.810	249.232
3142	31.541	111.240
3143	208.087	212.088
3144	59.328	61.415
3145	9.073	198.190
3146	3.168	15.427
3147	214.478	207.575
3148	114.490	114.426
3149	264.522	78.665
3150	250.606	118.665
3151	31.852	183.129
3152	77.721	35.881
3153	224.128	255.623
3154	69.179	164.205
3155	42.582	155.397
3156	8.075	221.656
3157	281.185	206.650
3158	253.856	84.002
3159	100.381	114.389
3160	82.006	2.976
3161	160.277	102.844
3162	156.587	126.484
3163	47.124	273.119
3164	144.484	192.990
3165	277.926	27.146
3166	31.275	121.714
3167	117.182	154.674
3168	47.682	270.656
3169	290.533	130.219
3170	266.198	284.198
3171	29.179	116.861
3172	177.187	102.304
3173	230.006	223.780
3174	203.894	253.078
3175	65.288	214.295
3176	65.627	200.580
3177	26.753	11.481
3178	148.631	269.869
3179	238.063	298.022
3180	193.887	220.942
3181	120.286	257.299
3182	261.299	293.710
3183	244.700	152.605
3184	79.699	195.636
3185	157.201	91.299
3186	241.826	54.082
3187	208.847	270.766
3188	153.923	5.182
3189	276.772	53.111
3190	99.127	41.072
3191	109.912	265.474
3192	224.137	87.399
3193	183.972	72.713
3194	208.499	133.058
3195	299.854	19.547
3196	225.849	83.810
3197	210.056	188.806
3198	56.563	61.965
3199	107.431	272.799
3200	261.144	223.688
3201	160.543	104.666
3202	173.681	216.044
3203	230.107	246.587
3204	224.879	45.521
3205	150.856	281.570
3206	53.862	80.020
3207	213.242	105.985
3208	218.342	156.001
3209	129.267	69.518
3210	162.218	12.900
3211	16.919	159.362
3212	250.414	126.502
3213	187.515	75.753
3214	229.841	63.182
3215	270.309	95.492
3216	126.273	27.055
3217	158.840	70.498
3218	136.253	21.589
3219	13.330	58.156
3220	123.527	197.888
3221	3.497	230.381
3222	79.333	111.286
3223	26.102	258.278
3224	55.922	158.300
3225	81.841	19.254
3226	32.731	215.641
3227	45.622	23.493
3228	24.482	253.279
3229	114.866	106.598
3230	290.771	43.434
3231	70.113	185.327
3232	156.212	37.364
3233	132.234	123.334
3234	100.903	231.663
3235	50.804	103.705
3236	230.226	296.237
3237	107.825	55.208
3238	83.609	185.638
3239	71.258	129.148
3240	91.473	5.603
3241	82.812	173.663
3242	39.827	156.853
3243	114.142	202.356
3244	251.860	227.781
3245	176.171	104.163
3246	245.872	58.165
3247	15.510	291.293
3248	278.970	245.598
3249	182.754	32.081
3250	235.865	116.523
3251	206.650	265.822
3252	72.182	33.903
3253	258.837	146.068
3254	171.639	63.192
3255	243.309	109.793
3256	126.411	68.593
3257	295.120	118.839
3258	0.174	161.531
3259	222.562	170.714
3260	183.184	273.055
3261	77.346	125.651
3262	298.544	172.188
3263	287.063	246.760
3264	169.414	202.109
3265	234.309	100.061
3266	6.244	155.855
3267	16.865	211.466
3268	123.508	163.610
3269	73.373	227.332
3270	45.256	113.474
3271	108.713	75.781
3272	9.046	277.331
3273	103.604	275.289
3274	227.351	264.028
3275	42.811	87.729
3276	15.995	171.465
3277	246.211	162.648
3278	249.049	159.700
3279	137.168	269.485
3280	149.309	216.666
3281	32.658	264.934
3282	274.062	238.685
3283	189.364	291.989
3284	5.155	97.443
3285	190.225	257.784
3286	203.180	115.351
3287	105.838	287.036
3288	234.602	121.229
3289	214.991	97.836
3290	31.751	208.051
3291	118.729	196.936
3292	294.708	164.818
3293	32.429	141.087
3294	94.522	104.263
3295	290.130	61.589
3296	287.283	158.354
3297	45.466	98.733
3298	298.132	263.433
3299	203.876	43.095
3300	285.003	6.839
3301	169.973	130.549
3302	140.977	157.091
3303	44.908	187.863
3304	145.116	149.098
3305	257.857	175.741
3306	120.688	46.712
3307	66.002	226.234
3308	110.590	54.237
3309	107.587	221.308
3310	28.996	98.834
3311	242.100	9.568
3312	98.816	55.693
3313	262.261	7.892
3314	134.220	137.873
3315	112.055	284.902
3316	77.731	222.663
3317	295.138	273.156
3318	151.112	36.320
3319	8.039	206.970
3320	29.527	169.112
3321	282.678	132.609
3322	198.337	142.488
3323	72.219	287.906
3324	101.819	100.253
3325	65.096	198.016
3326	143.367	245.726
3327	61.122	284.317
3328	46.309	96.536
3329	194.436	33.207
3330	34.938	79.186
3331	237.422	121.851
3332	44.963	35.102
3333	70.067	147.478
3334	122.904	160.048
3335	49.202	257.399
3336	223.670	148.842
3337	161.779	126.411
3338	165.743	267.232
3339	296.823	278.613
3340	53.423	122.767
3341	220.273	100.272
3342	125.394	56.627
3343	87.133	241.047
3344	39.012	28.117
3345	75.268	149.849
3346	149.767	13.907
3347	275.344	242.805
3348	295.166	93.762
3349	21.030	49.788
3350	142.579	44.652
3351	194.253	36.595
3352	210.221	215.192
3353	189.383	249.525
3354	120.835	202.155
3355	271.123	179.366
3356	97.314	101.050
3357	110.297	191.552
3358	159.728	252.629
3359	31.907	219.413
3360	33.052	57.067
3361	259.926	267.360
3362	225.071	177.947
3363	193.081	220.978
3364	83.682	7.572
3365	196.130	210.733
3366	193.200	115.891
3367	140.922	226.371
3368	118.748	54.485
3369	181.582	228.669
3370	58.403	37.867
3371	98.331	55.583
3372	112.265	173.745
3373	294.232	69.665
3374	27.870	64.144
3375	179.119	43.388
3376	31.431	249.379
3377	25.407	229.658
3378	204.086	216.593
3379	229.777	13.944
3380	212.738	144.905
3381	165.377	195.315
3382	154.729	208.902
3383	158.812	92.911
3384	125.687	112.384
3385	76.330	24.940
3386	170.138	174.349
3387	153.520	57.057
3388	23.942	38.874
3389	252.995	166.814
3390	8.240	231.013
3391	184.301	221.381
3392	84.021	230.399
3393	270.638	115.040
3394	226.930	84.497
3395	296.448	263.698
3396	31.422	133.442
3397	220.621	102.936
3398	103.989	168.178
3399	189.401	186.782
3400	154.372	93.963
3401	233.476	133.854
3402	244.591	120.945
3403	183.642	117.924
3404	104.895	153.841
3405	189.410	249.590
3406	276.095	2.426
3407	274.886	146.113
3408	287.585	84.881
3409	216.373	236.195
3410	30.570	45.714
3411	275.967	196.570
3412	135.722	60.280
3413	175.622	267.351
3414	14.704	147.615
3415	146.049	242.906
3416	174.972	163.637
3417	234.721	85.247
3418	267.168	296.393
3419	207.501	256.731
3420	74.499	235.417
3421	128.141	18.925
3422	3.562	136.949
3423	50.154	194.711
3424	185.748	56.938
3425	105.280	240.141
3426	148.906	73.647
3427	23.090	23.264
3428	268.477	171.877
3429	265.996	56.691
3430	57.442	10.465
3431	213.984	80.605
3432	204.563	45.201
3433	83.663	243.364
3434	120.167	228.770
3435	215.815	276.360
3436	299.075	159.746
3437	215.778	10.163
3438	59.685	202.539
3439	281.277	228.687
3440	268.999	250.075
3441	1.877	8.313
3442	112.641	151.094
3443	264.486	38.902
3444	219.404	274.062
3445	249.232	273.504
3446	299.670	229.365
3447	250.304	203.574
3448	7.077	221.867
3449	205.771	6.793
3450	182.791	55.565
3451	171.145	64.107
3452	291.760	262.352
3453	120.716	93.002
3454	10.337	76.495
3455	211.292	193.905
3456	174.734	27.128
3457	92.572	256.511
3458	249.406	270.217
3459	198.630	22.935
3460	125.092	32.054
3461	4.706	154.637
3462	105.701	86.309
3463	83.984	299.863
3464	293.344	136.143
3465	248.381	208.545
3466	131.062	223.634
3467	7.947	191.635
3468	212.583	138.121
3469	233.293	71.514
3470	218.305	245.524
3471	255.119	120.615
3472	187.204	110.370
3473	85.641	134.898
3474	183.679	132.536
3475	195.920	139.210
3476	169.030	170.440
3477	133.671	71.386
3478	236.763	72.686
3479	115.900	141.902
3480	21.039	289.993
3481	280.700	115.955
3482	137.928	289.196
3483	232.551	114.948
3484	268.468	141.343
3485	165.670	284.161
3486	43.223	5.686
3487	199.554	123.444
3488	37.519	181.399
3489	111.231	228.019
3490	36.814	48.973
3491	298.618	35.926
3492	281.561	73.162
3493	159.233	29.380
3494	150.911	89.257
3495	118.766	186.517
3496	294.745	144.704
3497	193.814	130.769
3498	273.174	117.850
3499	123.133	274.483
3500	113.190	185.665
3501	251.915	103.751
3502	241.615	162.447
3503	103.247	101.389
3504	103.705	81.219
3505	121.366	154.802
3506	127.079	39.836
3507	220.859	45.705
3508	139.897	183.578
3509	26.395	268.633
3510	103.128	46.144
3511	137.196	74.883
3512	165.880	220.969
3513	0.687	289.096
3514	203.464	184.576
3515	129.789	295.001
3516	47.417	44.093
3517	47.957	37.510
3518	266.857	30.598
3519	296.777	37.831
3520	210.633	110.178
3521	189.959	68.538
3522	69.555	134.761
3523	248.656	285.507
3524	68.145	204.379
3525	102.020	63.530
3526	245.231	162.868
3527	187.652	132.582
3528	232.780	298.819
3529	136.180	261.419
3530	92.370	73.711
3531	74.453	185.656
3532	118.674	249.049
3533	131.611	227.003
3534	69.234	134.349
3535	182.516	0.504
3536	230.052	128.031
3537	212.775	56.893
3538	276.250	72.805
3539	39.891	56.655
3540	137.269	297.674
3541	274.877	122.849
3542	25.919	68.291
3543	258.507	169.524
3544	240.617	17.698
3545	256.987	252.583
3546	0.302	279.006
3547	50.951	39.982
3548	121.384	292.282
3549	2.554	148.173
3550	95.886	107.276
3551	34.782	141.545
3552	80.578	153.896
3553	207.465	141.929
3554	156.011	202.374
3555	124.332	244.893
3556	165.130	184.887
3557	255.550	189.721
3558	290.799	0.687
3559	9.980	80.029
3560	281.478	76.412
3561	141.691	101.828
3562	184.585	103.540
3563	124.982	35.890
3564	196.817	124.946
3565	182.342	111.368
3566	90.841	192.312
3567	99.741	97.452
3568	27.741	66.259
3569	13.550	280.059
3570	214.579	281.249
3571	103.604	20.289
3572	16.425	46.876
3573	176.556	241.661
3574	282.293	207.694
3575	274.190	142.799
3576	194.281	133.140
3577	290.780	182.781
3578	199.362	59.795
3579	34.123	135.667
3580	233.137	157.576
3581	114.408	61.269
3582	294.983	41.768
3583	295.431	189.090
3584	83.901	202.979
3585	192.459	62.065
3586	254.579	76.595
3587	151.222	137.342
3588	202.777	223.862
3589	292.264	190.555
3590	39.753	46.290
3591	55.089	120.872
3592	164.855	5.420
3593	126.566	203.400
3594	95.694	69.628
3595	87.820	85.943
3596	165.377	60.051
3597	264.074	176.977
3598	246.065	217.362
3599	211.768	221.711
3600	8.313	161.312
3601	227.442	213.141
3602	275.481	264.971
3603	112.577	234.867
3604	82.629	15.409
3605	78.912	182.672
3606	99.384	82.885
3607	128.553	161.705
3608	125.889	270.208
3609	93.277	106.058
3610	121.503	64.254
3611	267.397	17.762
3612	275.445	261.657
3613	18.485	271.920
3614	278.759	90.136
3615	10.538	84.945
3616	207.117	297.867
3617	23.658	192.816
3618	173.653	32.255
3619	104.923	36.082
3620	261.364	80.477
3621	34.626	298.654
3622	294.269	293.225
3623	42.308	197.092
3624	56.948	163.775
3625	157.009	67.486
3626	121.604	284.289
3627	226.051	146.535
3628	292.135	151.039
3629	86.740	93.936
3630	24.564	240.562
3631	125.422	52.791
3632	233.293	228.623
3633	208.133	295.029
3634	42.335	73.766
3635	217.399	248.610
3636	191.168	37.419
3637	179.403	253.508
3638	54.347	62.432
3639	215.952	243.236
3640	284.472	281.826
3641	105.710	198.785
3642	137.654	79.690
3643	188.852	172.042
3644	291.092	176.208
3645	99.759	225.236
3646	211.887	58.440
3647	61.956	183.615
3648	286.743	28.968
3649	29.774	148.045
3650	171.648	194.153
3651	211.017	164.379
3652	271.169	263.936
3653	55.098	296.640
3654	206.476	285.031
3655	140.977	100.674
3656	281.780	179.394
3657	149.226	245.451
3658	108.209	9.815
3659	52.754	178.423
3660	94.852	44.578
3661	110.334	282.385
3662	265.987	142.973
3663	197.559	20.170
3664	14.191	233.631
3665	59.346	214.560
3666	148.567	207.456
3667	118.656	59.758
3668	47.298	97.104
3669	225.483	11.783
3670	274.337	64.885
3671	180.721	254.378
3672	169.048	170.925
3673	19.272	187.332
3674	168.700	43.388
3675	286.578	34.223
3676	172.839	222.919
3677	293.170	116.321
3678	109.006	202.731
3679	281.515	89.587
3680	9.293	36.732
3681	89.514	291.623
3682	56.948	237.083
3683	245.085	295.459
3684	12.442	233.393
3685	176.153	117.109
3686	278.530	15.271
3687	70.425	73.629
3688	113.355	130.219
3689	169.442	238.667
3690	51.418	158.528
3691	131.016	292.346
3692	141.325	137.361
3693	44.798	112.403
3694	159.975	255.651
3695	34.983	103.357
3696	12.543	291.760
3697	34.791	110.627
3698	177.544	115.827
3699	266.939	116.568
3700	106.314	28.620
3701	114.609	65.123
3702	136.491	158.812
3703	117.191	212.134
3704	28.639	90.448
3705	275.188	248.061
3706	285.553	42.674
3707	298.654	90.063
3708	263.469	273.449
3709	83.682	290.323
3710	134.770	29.051
3711	51.033	157.356
3712	111.322	211.585
3713	231.590	237.403
3714	87.957	285.864
3715	132.719	52.553
3716	15.491	198.035
3717	70.232	142.708
3718	262.572	227.515
3719	0.000	207.941
3720	175.713	244.169
3721	133.845	298.498
3722	97.122	292.721
3723	273.934	149.043
3724	249.306	76.064
3725	50.099	4.138
3726	246.184	159.645
3727	294.571	131.831
3728	139.869	68.438
3729	238.182	272.094
3730	162.685	298.709
3731	62.816	117.273
3732	73.464	116.184
3733	194.263	271.142
3734	67.962	262.755
3735	269.713	283.493
3736	262.279	43.315
3737	264.650	107.331
3738	109.079	14.841
3739	113.172	75.304
3740	155.754	49.486
3741	6.262	42.326
3742	3.827	93.478
3743	102.377	291.412
3744	279.336	293.948
3745	34.709	49.257
3746	73.080	15.271
3747	249.507	108.933
3748	60.582	217.042
3749	159.810	6.034
3750	60.747	15.290
3751	249.040	145.592
3752	42.875	299.185
3753	108.667	226.307
3754	241.221	124.689
3755	144.575	159.252
3756	86.575	257.363
3757	136.207	227.717
3758	14.246	186.004
3759	283.135	85.083
3760	157.695	279.098
3761	23.209	237.815
3762	287.384	205.872
3763	256.905	210.129
3764	104.044	193.942
3765	61.882	37.437
3766	45.888	145.262
3767	132.591	185.437
3768	218.973	182.461
3769	128.883	241.523
3770	10.208	47.206
3771	68.218	175.677
3772	192.459	22.715
3773	145.875	17.478
3774	180.822	202.045
3775	117.365	246.239
3776	49.843	174.258
3777	127.583	241.066
3778	270.702	150.151
3779	221.024	87.820
3780	77.969	199.591
3781	117.347	89.724
3782	25.224	122.172
3783	86.859	278.585
3784	38.865	223.194
3785	10.108	273.476
3786	29.609	116.752
3787	156.038	283.731
3788	70.919	27.934
3789	163.070	3.214
3790	3.827	215.796
3791	57.497	92.608
3792	277.541	289.169
3793	93.606	296.677
3794	285.031	37.153
3795	249.754	93.359
3796	203.317	246.092
3797	64.940	121.659
3798	197.449	24.903
3799	250.194	84.973
3800	297.766	210.807
3801	159.087	76.998
3802	209.836	77.062
3803	51.875	126.933
3804	266.372	214.817
3805	137.471	110.883
3806	80.404	10.813
3807	227.836	226.344
3808	9.384	192.944
3809	88.937	276.690
3810	189.227	65.279
3811	122.858	62.459
3812	147.945	204.874
3813	65.288	26.377
3814	58.129	241.716
3815	132.820	248.912
3816	37.703	94.110
3817	204.398	241.350
3818	58.193	281.222
3819	271.416	33.207
3820	170.092	84.478
3821	140.648	200.790
3822	4.578	280.068
3823	124.525	133.909
3824	260.924	214.075
3825	103.082	287.530
3826	39.030	142.341
3827	191.974	215.220
3828	226.563	106.790
3829	100.894	231.407
3830	199.756	270.226
3831	116.834	299.084
3832	147.652	281.295
3833	196.487	90.127
3834	178.854	191.708
3835	102.231	114.820
3836	120.249	197.458
3837	66.021	67.641
3838	167.235	225.858
3839	115.616	286.203
3840	294.498	240.434
3841	247.465	69.985
3842	87.051	185.482
3843	180.612	256.099
3844	200.772	142.058
3845	276.122	198.621
3846	211.640	217.454
3847	256.236	148.558
3848	63.421	139.888
3849	7.709	81.310
3850	172.866	180.383
3851	3.772	268.432
3852	201.880	73.647
3853	228.907	40.532
3854	256.145	259.871
3855	241.038	38.462
3856	19.364	19.254
3857	155.342	199.243
3858	182.791	121.247
3859	84.149	273.952
3860	179.037	60.253
3861	217.215	224.293
3862	179.980	199.783
3863	276.873	94.760
3864	167.684	96.838
3865	232.295	7.270
3866	138.148	28.465
3867	107.367	175.063
3868	246.889	292.337
3869	166.485	82.904
3870	155.937	203.198
3871	212.564	30.314
3872	291.678	57.158
3873	181.875	284.838
3874	72.585	185.546
3875	169.854	141.975
3876	16.718	70.324
3877	272.295	239.061
3878	87.866	42.958
3879	176.455	219.523
3880	290.030	138.441
3881	86.291	194.739
3882	69.518	126.557
3883	216.218	200.140
3884	134.046	92.141
3885	137.809	92.572
3886	248.161	186.270
3887	13.862	85.769
3888	214.405	120.130
3889	204.096	170.687
3890	299.698	23.658
3891	76.852	117.777
3892	216.034	240.635
3893	11.344	107.935
3894	115.259	182.131
3895	224.613	89.010
3896	6.876	110.379
3897	107.697	4.798
3898	158.638	274.630
3899	105.380	193.420
3900	89.029	71.111
3901	223.817	201.761
3902	211.182	48.909
3903	200.497	113.190
3904	137.452	133.543
3905	220.896	235.096
3906	104.209	190.280
3907	16.169	243.336
3908	126.081	198.868
3909	26.249	230.317
3910	38.975	161.797
3911	62.807	253.792
3912	141.554	17.698
3913	56.343	232.972
3914	194.061	282.037
3915	121.815	89.065
3916	84.378	86.630
3917	27.311	177.032
3918	220.283	240.315
3919	99.860	105.325
3920	157.558	182.141
3921	53.056	190.738
3922	123.142	49.403
3923	170.687	44.963
3924	42.811	32.118
3925	130.760	39.964
3926	132.746	135.832
3927	204.416	148.805
3928	64.245	24.839
3929	113.932	109.088
3930	161.211	267.507
3931	284.353	205.625
3932	139.476	155.480
3933	172.985	19.337
3934	47.600	19.044
3935	211.255	139.293
3936	118.354	210.028
3937	243.226	284.646
3938	290.341	174.487
3939	95.154	33.409
3940	9.101	286.853
3941	260.485	105.014
3942	267.132	267.498
3943	234.648	193.365
3944	92.022	155.608
3945	284.069	297.400
3946	242.393	59.127
3947	283.676	45.979
3948	20.627	153.795
3949	207.382	264.019
3950	262.169	153.053
3951	105.847	76.605
3952	210.349	20.701
3953	255.934	98.248
3954	136.546	248.289
3955	216.227	203.748
3956	114.664	168.883
3957	172.912	27.979
3958	209.589	129.423
3959	10.602	291.156
3960	288.830	293.170
3961	92.196	196.496
3962	216.776	94.394
3963	82.354	97.415
3964	140.996	117.109
3965	98.935	180.758
3966	129.853	219.660
3967	226.673	163.134
3968	70.910	177.032
3969	277.587	47.334
3970	289.370	262.975
3971	32.383	35.450
3972	196.084	243.455
3973	47.426	245.772
3974	224.458	203.629
3975	261.290	130.229
3976	165.468	180.081
3977	85.678	39.369
3978	60.399	220.145
3979	214.863	31.596
3980	60.591	240.324
3981	237.971	173.644
3982	13.450	105.545
3983	88.662	129.121
3984	284.298	201.257
3985	16.434	182.095
3986	73.281	220.090
3987	214.057	292.373
3988	136.839	35.121
3989	185.272	229.630
3990	172.939	81.475
3991	187.524	83.032
3992	179.632	18.265
3993	33.702	293.390
3994	246.211	292.611
3995	287.503	204.553
3996	286.349	277.697
3997	236.653	281.130
3998	172.591	6.793
3999	78.591	89.193
End the user

Start the original macrocell
End the original macrocell
