region_length = 300
region_width = 300
num_candicate_point = 300
num_user = 4000
num_original_macrocell = 0

Start the candicate point
0	83.361	137.947
1	33.610	111.982
2	299.963	59.236
3	284.500	131.327
4	277.313	166.878
5	4.779	53.954
6	219.770	126.310
7	112.732	231.260
8	104.511	61.809
9	218.131	236.204
10	155.763	221.345
11	265.126	122.217
12	105.536	81.860
13	253.810	246.037
14	62.752	129.469
15	37.355	263.671
16	262.636	98.688
17	141.682	159.078
18	118.253	205.304
19	204.343	14.823
20	146.141	57.121
21	179.742	184.091
22	287.713	277.129
23	7.343	73.400
24	298.526	23.154
25	189.932	195.499
26	227.195	238.777
27	178.597	1.712
28	55.803	119.498
29	11.518	53.212
30	123.710	228.861
31	3.351	140.419
32	206.632	48.634
33	31.953	110.132
34	72.887	97.635
35	119.581	109.619
36	288.684	3.388
37	255.220	107.038
38	94.220	261.245
39	255.019	197.613
40	122.675	264.943
41	7.700	54.988
42	183.779	43.516
43	1.785	236.982
44	183.880	88.379
45	81.549	105.271
46	104.483	105.325
47	228.532	168.316
48	211.045	75.744
49	115.534	6.839
50	113.840	261.309
51	29.975	191.388
52	252.959	236.616
53	213.407	251.183
54	229.127	184.182
55	14.100	203.784
56	252.355	36.082
57	199.728	104.785
58	130.174	296.603
59	226.682	27.110
60	267.461	130.375
61	113.282	29.060
62	299.588	150.352
63	213.462	120.688
64	130.924	89.853
65	137.919	87.738
66	200.452	293.262
67	19.703	82.638
68	46.355	209.580
69	270.876	41.786
70	91.620	123.380
71	27.357	38.646
72	22.285	207.346
73	28.675	231.892
74	180.428	130.888
75	229.621	118.088
76	243.629	209.241
77	290.497	248.289
78	112.879	127.299
79	143.074	117.713
80	280.700	122.684
81	78.957	188.256
82	1.447	62.322
83	257.280	252.803
84	135.667	96.985
85	278.594	1.007
86	290.286	128.123
87	221.903	295.853
88	126.594	271.389
89	191.617	220.145
90	157.942	151.149
91	71.313	102.753
92	208.856	110.581
93	131.300	183.514
94	157.631	71.386
95	286.679	26.460
96	234.162	27.815
97	152.889	40.678
98	94.934	9.192
99	95.611	18.137
100	247.035	195.389
101	21.873	247.868
102	243.052	219.587
103	9.238	115.882
104	218.772	142.726
105	119.938	50.291
106	195.517	34.022
107	196.854	220.832
108	118.976	41.896
109	288.244	52.205
110	156.478	289.727
111	97.964	60.875
112	24.500	80.715
113	208.316	174.212
114	168.380	246.449
115	171.978	241.844
116	265.969	23.218
117	120.432	198.236
118	277.230	90.796
119	85.247	186.132
120	111.670	157.768
121	79.452	199.957
122	135.310	28.016
123	235.719	158.904
124	89.193	32.566
125	148.183	268.706
126	141.426	161.284
127	14.997	181.765
128	144.282	78.719
129	28.217	114.875
130	218.653	258.535
131	8.039	33.912
132	237.367	120.789
133	228.339	64.904
134	129.533	6.674
135	30.168	40.834
136	77.548	174.798
137	270.345	143.614
138	128.855	53.514
139	201.743	250.459
140	94.101	233.833
141	232.414	244.206
142	153.850	236.937
143	260.219	96.829
144	45.412	241.057
145	229.969	185.620
146	251.961	101.755
147	109.830	51.280
148	65.508	250.276
149	234.043	257.509
150	146.022	204.022
151	108.631	161.138
152	248.024	173.956
153	227.140	152.632
154	37.062	2.774
155	193.136	275.838
156	267.663	18.796
157	96.545	186.782
158	244.517	139.393
159	240.425	160.625
160	239.216	8.789
161	165.285	6.217
162	283.905	104.346
163	167.748	97.726
164	114.051	295.734
165	260.384	182.562
166	82.134	291.504
167	69.628	175.045
168	14.063	257.271
169	18.751	95.236
170	30.241	39.946
171	92.508	62.258
172	3.186	82.482
173	130.622	201.413
174	173.544	63.274
175	46.812	174.596
176	196.350	144.914
177	20.280	293.371
178	39.460	266.353
179	256.575	23.905
180	5.997	263.103
181	64.537	43.461
182	2.710	149.648
183	46.538	57.414
184	126.063	48.634
185	248.509	36.558
186	288.034	1.025
187	166.823	83.828
188	53.404	41.740
189	59.017	289.911
190	10.446	175.054
191	154.939	287.063
192	146.883	34.233
193	215.458	160.598
194	152.998	259.734
195	235.463	27.357
196	123.765	280.187
197	238.108	240.480
198	281.927	230.894
199	257.125	130.009
200	293.747	193.851
201	254.057	238.575
202	99.484	293.921
203	167.418	261.510
204	130.403	235.325
205	140.501	50.978
206	134.120	13.074
207	224.741	93.194
208	180.245	83.489
209	205.643	118.354
210	68.218	28.300
211	47.938	52.480
212	109.107	296.667
213	107.028	170.760
214	103.348	59.502
215	103.476	161.467
216	86.227	260.558
217	207.447	260.137
218	263.012	98.358
219	230.015	263.158
220	105.637	223.844
221	268.212	180.218
222	32.795	287.585
223	0.522	135.090
224	245.231	221.271
225	280.087	273.925
226	138.231	87.774
227	21.918	90.567
228	63.182	84.103
229	131.648	28.309
230	159.938	31.678
231	272.121	267.278
232	132.005	238.264
233	215.101	156.999
234	86.383	65.993
235	274.703	103.476
236	9.934	289.810
237	269.658	70.058
238	104.117	180.676
239	210.999	101.663
240	150.023	198.016
241	62.395	31.477
242	125.523	25.700
243	269.686	179.778
244	246.522	135.932
245	106.644	204.041
246	254.012	215.439
247	33.921	9.824
248	18.943	238.392
249	17.808	181.774
250	86.785	220.338
251	5.951	144.081
252	33.518	237.577
253	206.732	209.864
254	155.095	46.327
255	169.195	28.739
256	162.172	186.087
257	10.547	192.083
258	101.920	1.547
259	87.875	105.142
260	179.000	167.455
261	61.113	85.705
262	197.247	50.703
263	244.133	198.364
264	94.284	194.208
265	190.756	183.935
266	190.756	256.777
267	112.604	193.429
268	225.968	293.408
269	75.698	85.806
270	2.106	210.404
271	172.573	299.020
272	108.603	179.696
273	216.923	253.655
274	148.677	146.644
275	57.543	298.581
276	139.906	15.857
277	258.507	157.961
278	110.718	149.272
279	42.372	189.007
280	264.650	160.872
281	43.471	209.854
282	34.187	142.561
283	167.876	106.882
284	196.240	205.405
285	107.202	280.993
286	70.910	70.626
287	2.921	142.048
288	275.646	294.919
289	108.228	210.981
290	56.371	264.174
291	244.078	38.847
292	267.882	240.205
293	296.631	202.310
294	124.882	194.803
295	152.641	284.783
296	296.026	15.390
297	19.886	202.768
298	162.392	116.834
299	129.368	86.648
End the candicate point

Start the user
0	12.671	143.568
1	166.256	75.359
2	196.643	196.606
3	126.456	34.278
4	208.948	169.726
5	245.579	255.751
6	224.989	129.203
7	197.256	151.634
8	260.942	21.406
9	7.700	197.156
10	79.553	142.836
11	183.322	235.545
12	113.767	56.691
13	198.300	2.783
14	230.015	90.613
15	39.030	81.832
16	202.979	99.768
17	52.242	145.756
18	223.807	229.814
19	193.722	199.023
20	213.572	163.967
21	224.467	176.519
22	163.875	88.690
23	151.250	9.458
24	276.507	162.300
25	58.303	17.762
26	123.920	220.804
27	127.152	138.066
28	102.634	105.545
29	291.385	246.898
30	201.102	246.779
31	23.228	88.406
32	254.231	187.762
33	98.944	165.871
34	6.272	83.609
35	239.656	6.464
36	153.951	159.334
37	174.743	258.699
38	291.769	161.467
39	124.570	231.745
40	31.321	87.545
41	149.382	36.283
42	116.559	27.989
43	61.260	135.960
44	206.732	104.584
45	246.165	268.972
46	49.055	140.080
47	292.666	149.217
48	112.897	43.150
49	274.483	6.299
50	7.306	243.217
51	83.554	73.684
52	53.890	159.435
53	160.643	84.579
54	136.747	38.215
55	220.145	284.765
56	1.547	243.712
57	216.263	221.738
58	225.410	35.551
59	147.148	119.736
60	229.557	118.354
61	244.078	199.728
62	56.682	197.174
63	242.439	53.981
64	184.823	23.438
65	181.372	34.489
66	99.548	265.758
67	229.136	164.617
68	96.564	289.727
69	180.776	33.363
70	136.308	281.524
71	25.233	281.671
72	222.718	299.222
73	128.645	140.007
74	27.787	86.547
75	30.680	26.762
76	133.964	33.253
77	100.922	66.790
78	216.144	216.556
79	252.016	239.299
80	135.200	8.002
81	256.520	214.780
82	165.001	280.187
83	64.437	90.063
84	24.519	197.549
85	168.123	81.082
86	137.288	225.822
87	111.496	82.510
88	289.718	44.386
89	290.616	153.859
90	10.392	295.889
91	42.116	141.316
92	42.207	157.549
93	166.869	94.650
94	228.962	268.615
95	185.226	288.638
96	88.626	298.086
97	271.169	108.356
98	95.035	87.371
99	261.913	7.736
100	39.708	252.107
101	290.048	100.674
102	295.926	77.447
103	234.977	194.189
104	256.813	291.403
105	140.611	222.947
106	69.298	150.362
107	296.081	194.501
108	235.911	21.397
109	126.447	104.657
110	106.049	95.611
111	290.313	132.344
112	29.060	116.788
113	230.976	73.327
114	90.420	60.042
115	78.353	122.190
116	203.409	44.505
117	48.268	161.925
118	177.801	14.603
119	236.067	270.492
120	37.648	174.313
121	251.476	203.784
122	109.949	8.625
123	91.556	264.330
124	256.044	176.840
125	198.602	115.067
126	167.711	11.682
127	299.854	47.645
128	99.832	9.128
129	75.945	64.629
130	61.278	242.814
131	54.970	84.863
132	136.317	187.698
133	78.912	231.507
134	257.912	187.350
135	39.543	12.058
136	5.274	149.043
137	230.399	149.767
138	47.151	201.257
139	11.930	175.677
140	102.973	97.745
141	236.616	40.971
142	143.605	2.838
143	30.808	58.641
144	3.644	41.969
145	280.480	234.117
146	227.131	52.132
147	217.307	194.079
148	218.479	216.529
149	52.461	172.985
150	120.597	117.640
151	254.579	66.460
152	92.068	193.420
153	218.964	11.151
154	105.115	130.631
155	124.955	100.299
156	236.470	279.922
157	28.144	294.378
158	72.768	26.963
159	284.545	236.296
160	202.603	104.053
161	53.313	30.461
162	216.849	76.385
163	75.295	195.022
164	89.312	87.701
165	173.763	46.776
166	259.587	199.298
167	74.682	228.083
168	89.798	107.120
169	293.133	235.115
170	217.399	71.065
171	282.751	256.832
172	75.607	140.996
173	195.270	284.133
174	3.598	13.825
175	146.754	98.459
176	118.152	206.000
177	37.620	299.268
178	268.688	275.802
179	123.261	179.751
180	147.642	179.815
181	282.055	110.178
182	277.981	198.025
183	277.779	38.215
184	249.626	111.698
185	163.207	265.639
186	26.945	268.725
187	121.815	10.749
188	98.917	120.515
189	94.385	215.970
190	293.921	165.056
191	287.548	109.848
192	231.132	180.309
193	210.907	282.989
194	30.268	282.458
195	39.891	287.219
196	51.637	93.332
197	150.948	217.371
198	88.241	151.378
199	226.133	285.022
200	82.052	250.587
201	73.913	43.626
202	86.081	41.630
203	263.021	274.465
204	44.240	179.870
205	216.300	192.523
206	110.855	54.164
207	261.382	182.067
208	281.753	281.350
209	185.052	20.939
210	58.632	0.348
211	188.238	103.238
212	218.854	150.591
213	88.415	119.398
214	212.244	68.822
215	266.408	3.507
216	156.999	89.084
217	204.315	6.858
218	56.499	179.733
219	211.621	207.208
220	108.823	102.332
221	86.172	213.260
222	130.970	126.530
223	7.105	273.577
224	169.588	285.369
225	106.323	49.358
226	20.124	205.350
227	115.744	160.488
228	26.212	195.801
229	36.833	64.180
230	281.194	231.690
231	229.640	75.625
232	3.726	214.396
233	67.870	189.978
234	209.278	244.801
235	157.228	215.119
236	49.284	93.057
237	63.558	174.551
238	140.162	199.435
239	147.935	89.734
240	253.618	90.475
241	55.373	201.303
242	190.536	145.152
243	54.210	138.551
244	210.028	195.059
245	172.930	196.542
246	235.701	293.161
247	31.211	230.134
248	210.889	135.548
249	12.406	224.485
250	224.842	70.498
251	73.858	151.195
252	81.622	179.083
253	142.387	169.634
254	233.723	61.983
255	191.461	282.760
256	152.165	16.672
257	47.197	206.732
258	254.964	239.390
259	19.840	63.860
260	165.972	236.323
261	7.791	258.132
262	25.736	178.304
263	270.940	242.705
264	26.496	83.508
265	20.115	238.786
266	93.011	62.386
267	19.877	215.311
268	281.194	209.296
269	250.935	188.623
270	216.327	75.213
271	29.655	51.738
272	242.943	205.835
273	31.193	292.474
274	207.941	279.537
275	113.190	9.723
276	49.092	229.429
277	186.938	187.515
278	210.660	84.075
279	132.939	235.856
280	57.955	111.057
281	7.590	258.159
282	113.007	297.876
283	138.029	54.219
284	282.733	154.482
285	251.878	118.500
286	201.990	272.002
287	238.859	142.662
288	163.024	21.699
289	191.131	282.247
290	53.331	28.922
291	219.184	96.344
292	173.836	206.091
293	90.201	120.093
294	159.178	179.312
295	85.769	79.003
296	172.042	92.892
297	125.779	204.718
298	293.371	226.243
299	55.446	261.574
300	180.374	107.276
301	242.274	43.123
302	14.145	57.094
303	279.794	148.366
304	8.881	149.895
305	45.146	196.615
306	104.401	122.813
307	7.141	190.783
308	113.996	19.904
309	231.828	88.195
310	149.409	4.688
311	82.318	288.437
312	94.897	25.562
313	160.002	197.513
314	52.058	168.664
315	83.627	277.834
316	227.589	282.229
317	253.526	243.245
318	85.577	7.150
319	297.537	8.570
320	36.357	197.906
321	245.753	253.050
322	83.782	268.294
323	130.760	206.980
324	202.750	246.339
325	160.414	20.985
326	168.828	272.799
327	159.883	227.314
328	12.040	27.512
329	129.963	252.428
330	16.388	118.189
331	18.439	190.408
332	237.266	115.726
333	251.448	296.466
334	258.443	70.663
335	221.574	9.870
336	60.646	195.114
337	179.843	265.877
338	23.484	144.346
339	128.086	105.747
340	32.649	82.720
341	258.956	44.505
342	214.277	168.068
343	140.107	205.661
344	268.377	39.039
345	289.746	282.220
346	223.057	39.726
347	40.138	133.543
348	181.628	66.039
349	136.189	277.276
350	84.277	168.041
351	65.737	185.748
352	56.343	292.758
353	68.667	246.303
354	264.888	1.822
355	221.564	194.775
356	255.632	48.268
357	244.801	181.692
358	291.989	46.840
359	229.017	280.398
360	168.169	122.327
361	227.790	96.536
362	118.125	170.083
363	113.346	288.363
364	192.294	113.337
365	42.317	157.036
366	24.006	191.516
367	228.257	16.535
368	157.411	163.948
369	67.888	102.405
370	258.745	63.457
371	117.997	228.632
372	182.992	184.072
373	69.683	52.333
374	117.557	237.321
375	117.026	255.303
376	75.076	161.431
377	66.927	1.904
378	57.048	117.905
379	287.063	282.870
380	260.265	59.639
381	38.737	103.980
382	247.914	5.237
383	291.714	229.475
384	57.167	203.702
385	267.516	239.143
386	65.178	223.853
387	208.582	8.753
388	185.409	53.084
389	219.724	73.116
390	15.958	139.549
391	178.918	281.039
392	212.116	162.291
393	164.370	201.724
394	104.639	63.741
395	94.650	91.940
396	235.902	128.837
397	128.764	183.230
398	35.652	45.219
399	223.075	98.642
400	208.335	28.867
401	91.913	58.339
402	53.716	49.486
403	68.877	283.474
404	192.944	240.168
405	215.403	257.591
406	21.543	25.498
407	273.843	255.138
408	61.681	252.712
409	211.695	196.249
410	35.084	160.012
411	53.880	37.336
412	128.938	66.717
413	250.056	56.764
414	176.272	119.352
415	73.684	145.015
416	22.990	278.210
417	99.878	58.715
418	3.232	278.722
419	258.818	47.957
420	295.019	252.016
421	111.560	216.163
422	178.048	138.990
423	45.320	121.998
424	165.551	82.363
425	134.834	282.623
426	231.983	231.013
427	166.860	187.680
428	108.502	40.925
429	274.657	183.459
430	268.184	7.379
431	279.272	36.448
432	272.616	212.326
433	184.539	35.844
434	1.978	121.769
435	222.709	144.282
436	140.437	17.212
437	197.449	56.151
438	238.566	95.721
439	121.274	172.921
440	24.866	22.825
441	94.128	54.860
442	188.247	72.897
443	220.090	58.477
444	203.079	40.999
445	8.982	19.034
446	219.175	60.949
447	159.911	87.655
448	88.012	113.730
449	173.406	282.192
450	147.597	260.759
451	89.248	261.400
452	137.388	186.251
453	96.673	81.722
454	265.566	83.251
455	13.971	146.059
456	200.168	267.525
457	184.292	203.876
458	6.198	53.716
459	84.451	112.101
460	0.531	178.332
461	93.844	116.111
462	246.403	3.562
463	20.078	60.234
464	259.423	86.795
465	128.370	87.060
466	247.081	149.648
467	71.487	135.099
468	253.417	31.440
469	267.214	193.933
470	30.900	261.052
471	220.090	126.447
472	211.328	231.755
473	134.385	117.420
474	97.552	213.398
475	15.180	257.811
476	148.119	86.190
477	204.407	24.180
478	276.406	130.622
479	248.628	62.651
480	236.406	57.744
481	45.695	136.683
482	116.807	114.307
483	166.878	148.091
484	15.445	147.011
485	201.431	190.692
486	215.815	160.433
487	120.624	246.001
488	37.629	52.709
489	207.859	280.151
490	283.364	263.717
491	51.921	151.726
492	252.437	119.736
493	250.212	89.596
494	245.112	109.372
495	118.766	250.276
496	227.937	74.718
497	156.029	114.133
498	182.562	152.449
499	157.210	129.926
500	9.787	49.046
501	226.060	66.817
502	10.868	184.594
503	80.999	83.480
504	117.722	289.453
505	2.545	173.562
506	94.073	188.339
507	18.650	96.857
508	79.470	156.001
509	75.176	255.605
510	97.781	178.954
511	188.083	225.300
512	2.344	7.700
513	24.381	199.371
514	279.455	233.695
515	208.692	257.070
516	82.125	275.518
517	2.188	13.971
518	116.083	108.603
519	251.009	164.571
520	149.620	122.895
521	250.661	76.073
522	269.521	242.824
523	123.765	143.074
524	154.610	193.878
525	57.607	62.294
526	89.111	250.386
527	198.547	236.836
528	87.344	148.567
529	50.136	169.222
530	251.988	299.515
531	271.874	152.806
532	237.504	286.248
533	25.333	120.716
534	40.779	279.418
535	264.779	161.797
536	290.744	55.867
537	118.748	162.941
538	58.870	54.567
539	59.996	87.133
540	262.590	54.137
541	210.184	146.690
542	183.111	206.540
543	276.516	280.856
544	270.016	11.060
545	267.067	297.400
546	254.057	263.268
547	81.677	87.353
548	40.349	262.966
549	125.340	72.466
550	203.702	115.854
551	140.858	94.568
552	257.839	113.044
553	207.794	206.311
554	220.722	122.877
555	204.480	72.668
556	47.508	279.455
557	179.925	142.625
558	53.212	202.182
559	32.685	100.198
560	196.817	130.805
561	43.306	154.463
562	148.906	10.172
563	57.442	77.758
564	114.481	209.250
565	66.433	51.527
566	132.929	208.609
567	282.147	29.170
568	227.058	140.977
569	153.108	175.192
570	22.990	18.915
571	118.693	290.185
572	212.885	34.324
573	148.274	180.859
574	282.202	63.952
575	62.157	84.597
576	273.595	265.291
577	181.372	107.889
578	109.189	297.354
579	102.844	187.963
580	43.059	250.569
581	147.230	137.077
582	265.960	220.273
583	275.930	78.756
584	233.934	108.100
585	124.396	235.499
586	243.025	185.720
587	48.534	77.044
588	121.567	105.170
589	231.013	288.986
590	262.224	190.362
591	144.411	70.635
592	165.542	293.893
593	218.149	122.007
594	16.883	53.771
595	205.945	228.797
596	168.654	34.251
597	0.705	5.145
598	149.620	85.266
599	93.854	103.375
600	173.360	104.730
601	225.739	149.977
602	167.501	138.221
603	24.244	17.505
604	195.801	200.269
605	178.323	91.482
606	294.836	51.784
607	143.275	241.798
608	297.262	217.847
609	224.915	58.019
610	63.393	280.288
611	139.174	57.927
612	93.176	229.539
613	94.229	128.681
614	240.159	9.934
615	91.958	9.915
616	99.603	43.040
617	195.581	178.286
618	292.492	263.195
619	160.451	142.717
620	117.191	149.757
621	274.740	9.742
622	90.942	290.506
623	6.958	228.422
624	52.699	160.277
625	207.300	274.007
626	149.474	149.629
627	59.346	179.952
628	177.947	127.491
629	229.530	277.477
630	103.156	172.472
631	110.636	52.177
632	226.316	257.106
633	6.748	176.940
634	223.432	19.309
635	56.151	230.656
636	26.743	205.670
637	139.192	61.983
638	270.840	20.627
639	68.081	7.727
640	175.192	66.185
641	105.307	124.928
642	185.253	6.409
643	207.657	246.284
644	43.626	41.090
645	142.708	118.198
646	213.608	122.950
647	74.682	230.821
648	26.524	2.829
649	166.466	199.335
650	175.155	37.117
651	294.717	106.204
652	224.833	141.911
653	224.979	163.335
654	264.183	128.187
655	143.596	203.830
656	67.458	2.435
657	93.350	62.606
658	90.219	167.107
659	9.659	255.248
660	70.287	105.161
661	104.263	114.408
662	155.855	283.319
663	293.252	293.362
664	32.621	158.043
665	216.282	195.737
666	71.853	19.025
667	43.883	241.130
668	271.178	154.253
669	19.758	125.761
670	110.004	271.059
671	134.843	287.677
672	191.580	157.778
673	280.187	135.759
674	93.286	20.060
675	175.292	252.025
676	197.357	276.434
677	19.034	26.514
678	123.618	147.386
679	259.862	34.214
680	36.375	222.416
681	232.157	13.276
682	147.093	239.344
683	55.794	254.039
684	184.906	260.347
685	145.582	258.141
686	156.734	79.003
687	27.540	77.126
688	269.018	242.833
689	108.942	289.966
690	132.691	125.513
691	298.865	28.694
692	223.624	33.482
693	26.267	111.844
694	19.996	80.862
695	152.422	194.693
696	288.949	117.512
697	224.430	295.999
698	43.818	44.212
699	266.958	110.453
700	144.502	299.725
701	258.882	166.192
702	162.154	53.661
703	191.791	36.897
704	180.593	90.072
705	157.146	67.660
706	156.075	115.571
707	59.062	24.189
708	107.266	176.775
709	199.582	224.549
710	57.488	121.329
711	233.229	62.917
712	0.833	186.764
713	137.782	84.771
714	14.347	251.695
715	98.212	122.739
716	187.844	233.769
717	250.441	252.556
718	193.420	68.548
719	182.058	78.591
720	266.536	253.911
721	36.677	108.209
722	120.432	194.208
723	118.949	124.332
724	265.859	128.654
725	246.934	115.680
726	157.915	278.228
727	248.912	173.937
728	41.960	295.477
729	151.314	117.383
730	20.380	151.698
731	254.845	50.154
732	212.162	145.784
733	245.433	216.694
734	27.064	269.036
735	237.175	160.671
736	126.411	210.550
737	193.814	47.792
738	292.154	237.275
739	25.965	261.812
740	76.312	33.335
741	110.700	33.161
742	252.528	232.881
743	30.506	209.671
744	241.597	130.833
745	78.454	128.471
746	32.987	206.018
747	26.441	298.837
748	274.081	240.901
749	3.406	254.982
750	49.019	172.390
751	80.358	288.501
752	119.196	158.135
753	109.180	19.501
754	46.995	92.508
755	11.911	116.184
756	274.941	156.899
757	267.617	121.815
758	281.909	238.475
759	93.432	198.895
760	288.372	101.892
761	267.058	49.541
762	32.603	248.317
763	287.045	121.760
764	289.590	246.156
765	118.281	160.652
766	54.567	167.757
767	119.224	214.277
768	163.216	116.651
769	97.800	53.294
770	270.098	179.513
771	92.993	13.889
772	257.418	287.320
773	228.770	123.289
774	196.030	220.099
775	137.471	217.261
776	30.314	139.586
777	99.301	9.009
778	9.055	84.140
779	194.986	18.833
780	34.040	10.437
781	218.351	223.826
782	148.366	16.123
783	245.717	37.107
784	36.192	227.973
785	109.070	76.000
786	55.940	289.764
787	69.756	28.263
788	178.799	34.416
789	39.662	276.150
790	254.259	74.700
791	246.760	87.307
792	74.828	296.722
793	91.775	32.127
794	261.538	90.905
795	193.045	236.799
796	42.198	104.538
797	166.283	31.468
798	144.456	50.401
799	136.189	202.979
800	275.198	155.846
801	26.734	211.319
802	8.432	186.618
803	127.134	279.482
804	53.505	29.930
805	280.160	115.809
806	125.312	271.096
807	289.846	278.457
808	288.693	147.981
809	95.419	41.044
810	198.611	17.899
811	208.335	169.277
812	108.164	21.104
813	59.136	267.479
814	166.256	275.353
815	151.350	4.715
816	76.687	285.891
817	268.954	179.833
818	140.831	205.304
819	234.455	34.599
820	55.345	127.436
821	264.476	274.584
822	87.289	49.980
823	219.614	106.964
824	98.038	289.929
825	195.581	154.775
826	138.221	186.306
827	252.355	156.780
828	185.437	274.667
829	228.321	12.552
830	46.538	67.577
831	136.308	282.064
832	296.521	225.593
833	288.235	199.014
834	175.750	52.919
835	145.390	107.578
836	217.508	2.390
837	141.224	81.631
838	127.674	123.948
839	73.363	136.024
840	288.400	240.992
841	111.945	89.221
842	107.697	289.151
843	120.972	286.688
844	86.868	1.602
845	39.634	44.331
846	227.479	275.628
847	20.518	121.586
848	149.876	4.331
849	71.450	83.169
850	145.198	8.451
851	298.013	159.215
852	132.536	52.150
853	293.399	263.012
854	243.309	277.422
855	272.753	75.643
856	4.651	241.478
857	98.596	57.140
858	143.724	291.348
859	294.452	93.231
860	84.716	260.228
861	293.252	137.297
862	260.613	219.871
863	117.823	156.780
864	211.365	73.354
865	139.897	143.513
866	90.576	22.761
867	14.740	197.220
868	152.358	195.911
869	138.340	241.643
870	140.419	266.738
871	123.792	282.751
872	51.097	53.560
873	43.992	168.197
874	292.383	129.688
875	137.397	57.570
876	10.593	130.659
877	223.716	262.801
878	6.848	92.553
879	226.453	167.986
880	14.933	105.774
881	49.193	288.144
882	62.615	18.567
883	202.411	276.141
884	188.284	174.770
885	227.799	237.330
886	134.605	120.084
887	216.904	261.116
888	191.379	161.312
889	70.946	128.874
890	9.101	12.854
891	298.828	107.688
892	155.489	14.933
893	199.939	289.096
894	236.488	57.836
895	228.990	282.430
896	153.914	196.597
897	189.355	21.982
898	121.476	190.490
899	52.187	197.421
900	10.978	151.698
901	147.871	66.744
902	250.853	137.553
903	26.844	161.403
904	48.497	270.666
905	236.671	142.598
906	258.718	121.384
907	12.094	218.470
908	69.765	136.967
909	225.236	281.277
910	229.182	251.723
911	92.398	74.197
912	181.033	262.682
913	284.783	246.898
914	36.641	104.978
915	39.644	109.381
916	150.517	111.524
917	19.053	43.443
918	223.505	291.082
919	12.799	181.152
920	4.871	209.415
921	232.734	9.622
922	215.412	7.691
923	94.971	111.652
924	63.164	242.521
925	237.266	201.340
926	173.965	182.095
927	168.032	64.263
928	108.356	42.766
929	294.232	261.574
930	187.002	200.415
931	124.726	207.208
932	96.316	160.964
933	196.194	77.841
934	96.280	224.485
935	118.290	264.760
936	2.261	227.259
937	285.104	27.091
938	262.755	96.060
939	249.580	155.892
940	4.798	199.243
941	108.072	208.151
942	269.265	228.715
943	291.604	220.493
944	107.358	297.501
945	110.837	161.596
946	60.811	287.027
947	51.720	132.975
948	97.177	228.605
949	68.529	277.248
950	222.297	153.465
951	71.221	103.513
952	141.829	95.730
953	254.085	89.038
954	193.695	182.672
955	262.398	166.668
956	223.185	296.667
957	244.087	57.442
958	122.849	143.211
959	83.197	257.582
960	208.866	109.336
961	162.127	239.427
962	55.712	146.901
963	249.342	175.613
964	261.281	64.913
965	159.664	45.833
966	64.006	265.612
967	283.868	35.578
968	84.085	8.286
969	234.400	286.340
970	110.544	35.560
971	4.303	6.372
972	6.153	46.190
973	86.090	1.822
974	251.915	249.104
975	147.295	237.138
976	3.085	182.690
977	209.983	84.378
978	278.704	134.028
979	30.616	70.937
980	256.191	142.232
981	27.586	184.640
982	293.289	120.350
983	52.873	145.994
984	248.930	280.242
985	255.110	6.748
986	125.010	294.644
987	30.570	184.256
988	0.961	281.103
989	209.268	190.793
990	282.962	241.780
991	272.744	267.626
992	139.613	143.770
993	250.670	82.684
994	246.165	274.264
995	293.014	201.651
996	208.811	154.765
997	64.647	191.607
998	91.336	149.025
999	259.294	266.665
1000	15.619	148.741
1001	279.684	34.947
1002	58.156	71.706
1003	80.807	56.426
1004	114.234	156.542
1005	223.157	70.708
1006	151.918	88.488
1007	32.731	204.407
1008	227.406	40.715
1009	214.826	217.408
1010	83.847	265.337
1011	218.332	97.305
1012	105.472	218.616
1013	297.601	61.525
1014	148.778	154.811
1015	68.520	276.360
1016	122.840	172.875
1017	205.927	152.440
1018	40.422	250.441
1019	279.006	225.922
1020	111.954	149.538
1021	271.682	184.796
1022	104.080	28.373
1023	284.884	249.690
1024	34.782	43.516
1025	267.470	68.502
1026	226.902	76.833
1027	272.762	234.355
1028	91.830	271.737
1029	87.527	286.074
1030	265.584	212.803
1031	230.335	100.748
1032	268.578	133.561
1033	166.063	37.602
1034	211.631	186.352
1035	233.549	142.589
1036	219.486	258.992
1037	133.140	73.180
1038	94.101	272.460
1039	171.154	52.571
1040	89.477	144.044
1041	207.987	12.799
1042	219.816	250.276
1043	106.845	236.094
1044	172.967	73.959
1045	229.923	53.789
1046	251.091	69.939
1047	78.893	12.369
1048	10.245	233.622
1049	226.664	165.725
1050	120.972	106.882
1051	237.184	203.207
1052	221.574	5.667
1053	120.194	72.851
1054	86.026	103.604
1055	117.878	209.040
1056	178.570	156.047
1057	70.150	24.024
1058	216.483	98.972
1059	55.547	72.723
1060	213.288	107.010
1061	254.653	250.121
1062	224.027	45.036
1063	232.725	30.634
1064	264.623	197.723
1065	88.672	8.936
1066	227.030	211.319
1067	67.019	251.384
1068	62.322	232.249
1069	179.897	117.658
1070	53.258	276.589
1071	35.789	161.925
1072	248.509	15.134
1073	122.089	272.744
1074	80.157	108.182
1075	238.173	61.315
1076	236.598	74.480
1077	225.941	157.347
1078	12.497	128.809
1079	194.739	221.830
1080	7.828	172.427
1081	287.429	136.271
1082	97.736	70.827
1083	184.585	177.627
1084	145.244	103.229
1085	193.677	38.343
1086	278.603	18.036
1087	219.971	0.952
1088	105.133	78.820
1089	266.335	226.408
1090	283.474	134.999
1091	258.397	265.813
1092	126.090	101.828
1093	142.396	154.646
1094	53.990	283.831
1095	152.202	99.091
1096	175.420	126.173
1097	92.618	113.602
1098	210.404	128.452
1099	235.737	219.312
1100	133.186	105.023
1101	277.313	162.529
1102	154.207	26.469
1103	149.895	162.722
1104	13.651	226.453
1105	39.744	149.355
1106	108.420	8.405
1107	104.282	197.009
1108	224.302	136.399
1109	237.010	218.085
1110	195.352	144.520
1111	76.788	122.483
1112	62.276	149.254
1113	208.335	3.708
1114	151.744	199.106
1115	250.725	60.701
1116	148.402	245.918
1117	180.987	114.692
1118	281.616	72.265
1119	289.407	230.702
1120	98.660	159.288
1121	113.620	202.795
1122	46.409	129.258
1123	148.274	12.616
1124	133.168	247.401
1125	77.126	220.566
1126	292.785	217.234
1127	24.519	198.895
1128	22.669	153.877
1129	73.016	66.250
1130	117.814	69.573
1131	44.166	32.914
1132	172.509	56.041
1133	189.236	16.196
1134	71.734	197.696
1135	286.715	135.237
1136	44.102	0.439
1137	193.576	144.804
1138	298.178	270.281
1139	247.182	217.197
1140	214.002	25.910
1141	64.492	231.901
1142	211.914	80.148
1143	135.804	282.119
1144	270.254	174.075
1145	259.505	157.723
1146	14.054	98.541
1147	115.076	213.965
1148	46.483	87.436
1149	220.997	185.281
1150	144.859	116.871
1151	174.413	153.557
1152	293.335	294.928
1153	219.642	230.335
1154	173.864	176.070
1155	42.180	162.181
1156	87.472	84.909
1157	235.224	218.763
1158	127.702	183.358
1159	35.414	72.805
1160	278.054	65.792
1161	74.984	31.513
1162	55.309	16.535
1163	146.828	128.718
1164	70.699	114.005
1165	129.551	237.056
1166	230.656	115.836
1167	69.472	9.751
1168	249.049	209.589
1169	66.195	11.216
1170	192.972	163.124
1171	158.849	145.894
1172	133.634	259.239
1173	259.780	44.697
1174	224.503	48.790
1175	32.511	218.497
1176	278.448	106.836
1177	261.061	237.925
1178	165.743	125.990
1179	207.154	248.939
1180	104.904	31.504
1181	2.573	283.511
1182	68.145	152.449
1183	173.241	74.792
1184	73.327	233.183
1185	142.012	136.171
1186	284.381	219.788
1187	107.120	213.526
1188	291.916	205.597
1189	43.022	70.132
1190	96.042	70.278
1191	220.631	213.599
1192	63.228	96.884
1193	293.655	24.061
1194	278.951	101.169
1195	148.183	193.246
1196	168.215	157.622
1197	162.108	33.500
1198	5.759	156.487
1199	171.429	166.540
1200	87.646	76.330
1201	190.216	250.771
1202	86.346	6.290
1203	81.292	157.128
1204	61.113	2.573
1205	24.207	252.373
1206	245.433	13.514
1207	177.664	199.408
1208	183.541	257.509
1209	183.102	33.976
1210	37.840	188.266
1211	206.421	227.140
1212	139.119	31.843
1213	264.586	292.785
1214	101.279	29.572
1215	134.129	149.693
1216	172.829	171.529
1217	188.339	197.467
1218	146.516	54.732
1219	60.060	115.653
1220	299.432	150.655
1221	276.928	145.582
1222	285.131	216.089
1223	165.899	64.061
1224	149.895	32.118
1225	174.120	208.545
1226	294.781	5.310
1227	102.744	62.999
1228	55.464	215.604
1229	200.790	263.955
1230	121.870	245.241
1231	215.815	235.865
1232	69.088	173.141
1233	48.259	15.583
1234	121.879	269.109
1235	106.497	274.932
1236	224.393	72.155
1237	209.168	100.821
1238	136.995	87.426
1239	231.993	42.601
1240	232.203	186.041
1241	145.766	85.531
1242	111.423	42.225
1243	242.393	60.088
1244	114.527	192.157
1245	95.895	246.495
1246	144.072	48.836
1247	55.318	83.508
1248	276.012	157.411
1249	216.263	241.350
1250	278.832	225.263
1251	68.017	267.626
1252	112.943	211.301
1253	63.274	66.012
1254	32.255	208.875
1255	206.970	116.953
1256	259.734	106.452
1257	211.512	299.588
1258	58.852	160.790
1259	215.000	24.528
1260	72.897	166.668
1261	9.458	136.775
1262	253.792	157.659
1263	275.884	298.004
1264	252.556	22.468
1265	172.958	107.825
1266	293.115	70.910
1267	176.455	73.299
1268	101.379	234.181
1269	16.004	185.958
1270	211.502	233.604
1271	6.244	15.885
1272	221.125	202.411
1273	119.169	182.232
1274	117.521	194.693
1275	294.562	109.326
1276	146.571	166.146
1277	235.389	28.034
1278	246.321	60.829
1279	85.064	31.532
1280	217.051	88.305
1281	233.375	244.984
1282	149.867	225.684
1283	147.981	18.421
1284	185.391	228.751
1285	178.460	202.319
1286	24.720	86.703
1287	229.594	115.058
1288	264.412	104.840
1289	150.938	161.852
1290	277.248	249.452
1291	239.436	214.350
1292	110.929	39.506
1293	101.975	210.395
1294	226.316	119.352
1295	274.859	283.227
1296	247.218	196.789
1297	46.895	279.647
1298	143.596	181.042
1299	83.151	176.290
1300	220.017	104.849
1301	296.109	53.652
1302	31.257	265.136
1303	61.168	237.010
1304	96.976	166.567
1305	223.414	263.726
1306	237.211	102.496
1307	192.395	286.367
1308	200.690	57.533
1309	71.899	270.821
1310	7.819	66.121
1311	221.601	299.039
1312	280.142	11.664
1313	97.296	35.505
1314	278.191	0.348
1315	166.924	67.092
1316	219.697	194.208
1317	48.817	175.393
1318	199.847	37.684
1319	269.503	251.146
1320	185.611	262.252
1321	187.533	109.986
1322	5.988	103.128
1323	80.551	18.979
1324	209.992	12.864
1325	242.219	293.197
1326	14.246	205.908
1327	286.010	271.819
1328	112.265	218.561
1329	202.722	133.177
1330	266.903	18.833
1331	68.593	157.906
1332	58.229	50.392
1333	250.835	299.835
1334	208.573	145.088
1335	207.501	73.739
1336	256.456	88.470
1337	128.626	119.663
1338	201.532	272.497
1339	215.412	52.709
1340	92.297	120.029
1341	44.322	258.242
1342	78.390	215.320
1343	13.157	141.288
1344	299.451	124.964
1345	115.662	190.088
1346	132.353	243.602
1347	141.856	62.661
1348	68.795	248.885
1349	150.746	56.133
1350	44.917	99.905
1351	212.436	267.983
1352	195.022	63.640
1353	66.396	8.634
1354	251.155	3.644
1355	92.837	174.944
1356	260.512	115.424
1357	44.038	43.571
1358	42.409	42.885
1359	232.551	194.043
1360	56.874	60.234
1361	123.032	20.573
1362	206.568	53.624
1363	224.769	42.180
1364	143.944	287.008
1365	131.547	170.376
1366	5.731	286.578
1367	105.976	243.876
1368	46.208	128.086
1369	254.927	289.700
1370	191.543	161.504
1371	193.091	219.926
1372	86.840	157.338
1373	141.517	23.685
1374	57.836	208.994
1375	58.000	163.555
1376	259.157	175.640
1377	146.077	235.856
1378	230.912	299.762
1379	239.766	104.144
1380	35.615	83.984
1381	210.596	65.453
1382	97.250	161.431
1383	94.147	58.339
1384	14.301	43.974
1385	282.659	172.463
1386	68.777	82.858
1387	180.786	68.767
1388	2.911	225.913
1389	171.319	169.936
1390	285.598	5.896
1391	187.735	130.174
1392	140.226	144.292
1393	40.449	143.989
1394	256.154	4.743
1395	193.658	3.122
1396	255.101	280.911
1397	39.616	261.190
1398	35.057	52.663
1399	167.354	115.168
1400	162.951	295.386
1401	272.423	263.469
1402	238.310	276.370
1403	104.923	249.498
1404	299.734	123.170
1405	202.356	50.566
1406	295.962	197.742
1407	204.352	221.125
1408	293.445	61.168
1409	196.167	149.959
1410	42.409	263.176
1411	177.636	140.565
1412	273.092	140.739
1413	104.740	274.245
1414	144.145	260.366
1415	100.372	265.017
1416	115.159	288.217
1417	281.433	166.100
1418	164.937	22.578
1419	98.880	136.976
1420	227.653	73.016
1421	237.916	30.680
1422	268.596	20.518
1423	74.810	10.492
1424	271.508	143.165
1425	37.602	255.577
1426	259.212	41.530
1427	67.257	64.776
1428	19.620	248.308
1429	226.426	118.162
1430	158.858	156.459
1431	52.361	105.408
1432	253.343	150.298
1433	1.236	280.627
1434	222.874	73.922
1435	80.404	52.965
1436	96.408	121.238
1437	215.687	72.274
1438	92.553	182.141
1439	150.462	19.254
1440	86.493	129.011
1441	123.527	59.548
1442	85.412	78.170
1443	122.474	270.959
1444	184.136	110.334
1445	159.536	3.388
1446	122.913	284.783
1447	266.857	180.758
1448	219.257	131.318
1449	257.820	4.193
1450	195.672	254.680
1451	51.628	66.085
1452	75.130	135.475
1453	7.700	34.205
1454	266.243	162.337
1455	267.022	215.275
1456	209.882	179.339
1457	47.087	257.472
1458	209.296	183.322
1459	87.573	101.151
1460	115.433	255.422
1461	193.319	37.208
1462	89.422	261.025
1463	171.749	182.351
1464	114.060	2.811
1465	11.490	130.824
1466	176.290	61.003
1467	99.036	291.861
1468	192.303	105.261
1469	20.389	272.213
1470	97.433	12.772
1471	44.569	13.239
1472	72.485	276.635
1473	235.801	241.780
1474	128.480	139.091
1475	91.253	144.328
1476	221.702	134.001
1477	251.366	223.807
1478	120.853	272.771
1479	179.330	148.347
1480	198.282	258.242
1481	256.960	151.405
1482	267.040	160.955
1483	93.506	292.639
1484	35.789	141.993
1485	294.552	138.908
1486	103.311	56.938
1487	87.600	74.773
1488	164.534	225.263
1489	151.543	201.825
1490	249.974	299.460
1491	46.583	136.280
1492	170.476	218.442
1493	191.671	164.223
1494	289.068	179.458
1495	186.251	163.784
1496	291.806	12.891
1497	123.298	53.706
1498	279.620	294.452
1499	290.304	277.688
1500	252.849	178.945
1501	205.341	83.773
1502	210.413	290.240
1503	184.933	208.335
1504	235.600	251.476
1505	90.585	223.798
1506	90.155	90.265
1507	250.990	159.709
1508	88.699	202.951
1509	106.580	256.392
1510	75.268	112.421
1511	173.553	60.564
1512	73.894	3.946
1513	173.956	22.367
1514	35.093	173.269
1515	129.020	203.134
1516	150.069	271.270
1517	262.316	153.182
1518	54.631	79.910
1519	209.790	269.283
1520	194.647	103.394
1521	283.575	290.790
1522	74.783	109.262
1523	186.288	44.176
1524	262.673	203.601
1525	22.843	195.096
1526	170.083	174.844
1527	206.623	17.469
1528	283.236	190.481
1529	6.766	138.926
1530	263.918	81.082
1531	33.683	71.981
1532	93.451	295.999
1533	9.384	290.368
1534	181.280	265.108
1535	119.773	159.819
1536	110.004	251.018
1537	295.523	282.751
1538	38.993	26.038
1539	18.659	266.124
1540	238.072	158.373
1541	201.569	172.033
1542	73.464	141.810
1543	135.246	260.173
1544	17.798	53.413
1545	53.935	81.750
1546	205.890	273.449
1547	212.665	234.107
1548	8.368	252.025
1549	124.873	35.432
1550	245.003	156.835
1551	256.841	129.057
1552	209.397	86.209
1553	225.803	276.516
1554	127.290	82.080
1555	298.672	148.860
1556	19.941	127.097
1557	238.218	275.738
1558	194.784	60.271
1559	193.594	161.193
1560	35.029	95.547
1561	82.025	26.121
1562	10.227	77.758
1563	58.687	186.261
1564	279.574	260.137
1565	21.415	25.379
1566	209.845	237.980
1567	147.340	172.967
1568	279.904	22.706
1569	108.191	245.781
1570	193.558	190.747
1571	161.257	262.600
1572	72.732	291.504
1573	262.673	191.635
1574	52.754	249.040
1575	100.171	39.946
1576	51.674	41.575
1577	92.004	44.185
1578	135.484	293.326
1579	248.912	72.073
1580	251.155	262.966
1581	246.083	194.061
1582	49.211	63.292
1583	1.978	34.388
1584	267.974	296.155
1585	210.843	61.132
1586	101.050	237.257
1587	25.727	24.372
1588	120.240	55.153
1589	39.149	102.029
1590	75.478	98.816
1591	257.912	262.728
1592	243.886	38.050
1593	19.190	104.959
1594	149.620	191.296
1595	44.807	82.052
1596	26.615	25.050
1597	80.285	72.210
1598	45.906	59.429
1599	115.873	103.055
1600	279.455	64.025
1601	136.244	90.045
1602	22.394	78.710
1603	95.776	98.138
1604	45.631	143.532
1605	166.274	86.090
1606	100.436	172.188
1607	254.076	42.665
1608	47.179	53.413
1609	33.290	74.325
1610	229.942	214.734
1611	292.273	153.575
1612	168.838	32.804
1613	239.821	287.457
1614	192.093	24.885
1615	268.477	215.549
1616	279.546	105.692
1617	21.305	296.823
1618	139.613	144.099
1619	59.456	294.726
1620	191.479	203.977
1621	277.020	119.883
1622	274.474	103.577
1623	60.308	139.833
1624	256.475	177.966
1625	238.383	15.070
1626	263.140	178.542
1627	121.531	270.885
1628	200.031	294.488
1629	174.862	164.269
1630	189.291	30.049
1631	23.612	255.348
1632	92.837	122.410
1633	237.284	242.686
1634	44.066	234.281
1635	289.215	171.795
1636	159.691	5.676
1637	238.740	76.312
1638	153.813	99.329
1639	32.667	161.110
1640	26.011	23.878
1641	72.906	186.828
1642	145.289	169.524
1643	247.227	165.120
1644	101.837	40.248
1645	169.945	124.021
1646	48.415	117.182
1647	229.539	152.797
1648	3.287	237.303
1649	189.822	285.717
1650	236.534	121.970
1651	41.841	233.943
1652	11.582	39.753
1653	153.172	25.187
1654	204.068	37.629
1655	11.545	60.289
1656	169.460	225.227
1657	109.711	146.113
1658	81.841	246.339
1659	268.349	214.277
1660	15.235	122.135
1661	144.008	184.942
1662	89.779	0.421
1663	18.815	185.125
1664	154.244	95.337
1665	118.931	80.853
1666	27.119	151.790
1667	158.547	132.582
1668	267.837	19.163
1669	56.435	233.192
1670	0.192	68.566
1671	221.729	138.038
1672	159.847	37.931
1673	255.980	246.330
1674	287.613	139.521
1675	168.270	243.236
1676	240.608	14.017
1677	250.340	262.151
1678	43.013	265.795
1679	108.429	76.421
1680	248.408	63.411
1681	198.996	79.946
1682	235.362	40.193
1683	64.876	166.045
1684	108.493	78.738
1685	219.001	263.854
1686	26.551	14.072
1687	72.356	141.874
1688	229.548	39.808
1689	53.285	137.727
1690	86.776	151.497
1691	14.750	123.746
1692	37.666	211.704
1693	276.608	167.629
1694	247.191	271.151
1695	99.713	197.659
1696	147.853	30.259
1697	238.795	31.697
1698	190.115	75.570
1699	170.788	79.507
1700	72.988	175.192
1701	245.726	177.618
1702	176.876	267.983
1703	256.978	166.219
1704	170.357	30.534
1705	177.599	267.479
1706	12.937	256.566
1707	259.908	74.435
1708	25.553	132.820
1709	244.856	210.248
1710	150.691	246.275
1711	278.393	66.689
1712	174.056	6.510
1713	281.460	181.692
1714	129.652	218.122
1715	70.562	265.062
1716	260.137	87.106
1717	275.857	231.773
1718	54.256	295.981
1719	53.478	52.361
1720	233.412	231.681
1721	39.241	79.571
1722	9.018	100.876
1723	240.233	60.820
1724	82.748	216.913
1725	111.505	295.743
1726	111.313	92.792
1727	114.545	148.228
1728	207.840	124.653
1729	4.495	72.375
1730	1.602	99.960
1731	42.903	261.620
1732	28.098	14.960
1733	82.977	280.499
1734	171.172	135.649
1735	24.152	288.455
1736	229.228	86.657
1737	182.910	114.920
1738	27.338	202.484
1739	276.617	95.264
1740	247.127	125.367
1741	67.357	226.710
1742	196.231	284.225
1743	62.651	53.871
1744	289.425	39.048
1745	219.816	43.077
1746	62.972	225.071
1747	150.884	255.010
1748	94.440	281.094
1749	275.106	74.837
1750	149.474	96.435
1751	215.659	209.516
1752	127.711	60.784
1753	187.689	211.292
1754	29.600	151.305
1755	174.285	237.028
1756	115.909	241.469
1757	237.587	2.655
1758	181.976	65.947
1759	61.562	42.088
1760	18.375	125.953
1761	173.663	30.021
1762	280.151	169.295
1763	241.917	177.920
1764	136.088	129.698
1765	194.565	162.731
1766	220.383	159.673
1767	159.023	97.479
1768	58.138	141.252
1769	167.025	103.311
1770	286.871	109.125
1771	122.886	292.236
1772	45.732	170.357
1773	81.722	119.938
1774	154.454	155.232
1775	134.477	118.244
1776	53.679	283.493
1777	246.687	166.274
1778	28.867	80.377
1779	247.832	9.915
1780	289.343	126.887
1781	18.110	88.955
1782	24.500	278.539
1783	69.637	281.130
1784	9.146	137.104
1785	168.737	22.523
1786	179.586	209.616
1787	96.399	113.877
1788	252.593	239.079
1789	193.704	71.789
1790	208.957	41.209
1791	88.992	34.535
1792	13.651	231.645
1793	153.896	181.784
1794	194.290	77.914
1795	184.796	77.438
1796	249.883	60.610
1797	156.853	195.215
1798	111.817	78.115
1799	247.310	236.103
1800	128.773	279.281
1801	175.045	97.305
1802	297.583	258.324
1803	153.218	201.862
1804	211.832	296.521
1805	201.816	148.320
1806	150.160	84.881
1807	117.090	190.078
1808	276.022	112.293
1809	144.694	3.397
1810	170.898	253.389
1811	153.392	153.813
1812	172.765	140.712
1813	56.252	120.029
1814	141.664	55.364
1815	176.162	84.945
1816	124.396	20.582
1817	102.515	52.928
1818	40.028	32.649
1819	136.079	202.915
1820	158.208	13.459
1821	268.734	236.534
1822	92.087	19.144
1823	195.096	130.833
1824	177.856	189.172
1825	102.826	54.823
1826	262.590	70.141
1827	38.545	59.209
1828	72.411	98.898
1829	296.200	298.846
1830	82.766	79.086
1831	24.747	297.079
1832	162.804	135.704
1833	102.103	111.542
1834	15.519	181.903
1835	272.112	110.672
1836	185.830	82.546
1837	191.507	120.267
1838	158.153	148.769
1839	83.737	49.651
1840	115.616	247.914
1841	146.443	56.627
1842	182.617	163.427
1843	109.574	260.714
1844	122.629	88.772
1845	190.902	163.948
1846	213.251	290.002
1847	45.961	188.760
1848	270.135	21.186
1849	259.139	92.160
1850	241.990	127.235
1851	272.799	265.648
1852	248.198	118.317
1853	1.538	80.276
1854	181.152	150.362
1855	228.101	186.261
1856	45.146	196.011
1857	28.062	226.279
1858	253.609	240.333
1859	120.157	72.246
1860	56.600	85.788
1861	188.980	244.517
1862	220.557	200.662
1863	277.102	23.173
1864	31.907	95.474
1865	293.316	10.675
1866	146.754	161.705
1867	234.034	155.205
1868	158.162	157.173
1869	264.660	294.177
1870	3.232	272.460
1871	257.665	227.241
1872	81.649	62.816
1873	34.562	78.097
1874	207.575	279.849
1875	208.362	54.631
1876	66.881	187.295
1877	73.409	66.607
1878	101.563	195.535
1879	239.802	110.343
1880	93.039	298.883
1881	158.712	79.855
1882	66.515	250.230
1883	36.055	213.599
1884	187.982	57.369
1885	281.002	236.442
1886	75.964	135.429
1887	186.261	206.073
1888	199.719	299.606
1889	87.225	223.304
1890	85.888	232.817
1891	296.622	215.577
1892	205.396	12.488
1893	161.559	253.142
1894	162.474	30.927
1895	140.089	207.181
1896	57.781	93.570
1897	43.782	109.345
1898	47.334	29.572
1899	243.501	21.964
1900	169.268	99.081
1901	185.134	178.442
1902	260.228	231.553
1903	112.110	203.107
1904	233.302	279.482
1905	41.676	269.961
1906	239.326	21.964
1907	91.739	9.613
1908	83.444	202.475
1909	105.152	123.911
1910	118.912	35.047
1911	268.395	117.466
1912	289.801	263.625
1913	71.358	105.664
1914	144.658	8.432
1915	5.356	108.301
1916	93.002	84.323
1917	45.970	288.409
1918	126.319	124.946
1919	217.811	45.558
1920	175.741	97.424
1921	287.933	23.035
1922	127.995	141.911
1923	284.921	138.212
1924	71.706	20.197
1925	90.310	95.602
1926	295.843	207.978
1927	99.475	291.870
1928	112.091	214.945
1929	298.645	272.213
1930	123.307	67.339
1931	54.997	147.487
1932	109.555	237.010
1933	166.805	31.458
1934	153.914	251.631
1935	170.321	207.538
1936	179.751	270.336
1937	250.386	84.359
1938	121.421	159.133
1939	151.708	149.675
1940	100.244	50.520
1941	237.504	181.756
1942	127.601	221.647
1943	92.499	27.906
1944	207.080	75.359
1945	117.200	109.235
1946	57.479	58.705
1947	10.172	161.266
1948	228.687	2.893
1949	185.318	269.585
1950	232.047	119.480
1951	20.985	9.989
1952	257.408	236.937
1953	187.799	52.635
1954	298.480	211.979
1955	252.052	239.189
1956	258.489	100.143
1957	1.584	292.813
1958	257.949	19.877
1959	190.994	170.000
1960	216.520	94.559
1961	53.001	213.910
1962	30.735	106.836
1963	173.012	218.287
1964	19.474	149.648
1965	273.550	261.629
1966	259.111	108.274
1967	205.533	20.792
1968	280.178	157.860
1969	293.316	23.447
1970	147.432	110.681
1971	30.259	48.827
1972	195.224	97.653
1973	271.819	236.048
1974	139.943	118.381
1975	122.858	109.427
1976	241.569	44.084
1977	266.362	180.227
1978	136.033	7.883
1979	30.012	134.028
1980	110.453	66.790
1981	237.916	63.347
1982	142.918	269.640
1983	44.038	254.653
1984	278.887	15.592
1985	94.440	289.251
1986	65.893	237.339
1987	215.018	167.528
1988	18.632	93.524
1989	71.770	15.647
1990	136.088	104.730
1991	0.375	184.356
1992	242.750	117.374
1993	251.988	99.091
1994	175.686	129.899
1995	52.040	70.891
1996	89.459	165.716
1997	119.214	227.360
1998	100.620	27.082
1999	140.986	173.159
2000	143.751	214.515
2001	253.078	139.375
2002	160.891	45.933
2003	119.388	31.101
2004	296.292	260.091
2005	159.462	132.673
2006	18.229	138.368
2007	20.215	179.815
2008	39.946	29.728
2009	38.939	258.278
2010	261.373	212.803
2011	194.363	238.118
2012	3.735	79.717
2013	192.624	3.122
2014	58.751	276.003
2015	285.214	184.787
2016	224.357	80.853
2017	165.477	260.027
2018	248.802	162.337
2019	40.797	22.248
2020	255.110	291.559
2021	27.219	85.037
2022	167.602	50.612
2023	163.390	227.717
2024	212.445	218.351
2025	190.701	242.421
2026	214.185	268.377
2027	196.579	291.824
2028	59.914	163.930
2029	67.678	37.025
2030	253.252	83.636
2031	49.934	144.896
2032	129.661	262.755
2033	62.285	34.278
2034	155.370	284.252
2035	61.077	270.537
2036	181.399	4.019
2037	1.804	167.537
2038	74.783	244.682
2039	195.306	206.833
2040	298.901	42.262
2041	5.072	133.030
2042	164.553	280.288
2043	182.708	235.032
2044	23.978	295.395
2045	188.311	272.304
2046	29.362	289.142
2047	292.749	255.696
2048	228.001	30.186
2049	108.521	242.109
2050	15.738	81.292
2051	46.391	52.388
2052	220.823	235.453
2053	44.313	271.865
2054	139.760	195.627
2055	265.758	42.830
2056	297.308	182.443
2057	214.267	208.518
2058	252.309	204.086
2059	61.104	117.612
2060	121.293	172.994
2061	32.814	249.059
2062	241.798	203.519
2063	155.608	166.283
2064	147.084	275.051
2065	103.577	60.326
2066	274.429	94.952
2067	247.328	191.131
2068	78.454	145.674
2069	50.218	186.544
2070	171.886	250.414
2071	8.872	8.249
2072	65.087	241.661
2073	284.866	44.139
2074	26.624	267.186
2075	124.543	36.311
2076	136.592	217.518
2077	213.855	4.266
2078	254.552	9.650
2079	64.876	172.637
2080	274.007	211.054
2081	81.201	62.642
2082	185.290	238.566
2083	98.798	56.948
2084	218.717	216.419
2085	149.400	197.018
2086	289.892	127.839
2087	43.214	122.501
2088	219.001	244.618
2089	217.811	12.049
2090	246.101	68.868
2091	150.133	134.770
2092	14.008	71.615
2093	78.472	71.825
2094	41.063	162.310
2095	231.260	17.597
2096	255.211	73.840
2097	9.540	119.654
2098	211.594	97.369
2099	20.124	266.921
2100	65.398	151.259
2101	106.076	185.574
2102	21.854	118.628
2103	171.667	151.863
2104	35.203	37.858
2105	248.436	81.265
2106	178.652	80.322
2107	299.377	3.479
2108	157.027	99.814
2109	108.109	282.449
2110	184.118	188.128
2111	49.852	90.896
2112	196.542	220.914
2113	91.125	298.801
2114	225.977	128.471
2115	215.000	284.976
2116	101.700	75.661
2117	218.863	231.407
2118	105.280	185.345
2119	281.524	209.488
2120	149.217	189.840
2121	246.440	117.676
2122	1.611	144.575
2123	218.140	179.824
2124	228.504	188.513
2125	118.537	63.741
2126	75.863	185.611
2127	200.131	229.118
2128	63.201	231.617
2129	162.822	264.412
2130	110.443	160.854
2131	71.468	221.921
2132	70.168	236.973
2133	120.734	10.538
2134	86.996	262.444
2135	44.423	155.425
2136	155.928	190.847
2137	15.894	184.045
2138	201.679	76.540
2139	236.680	48.057
2140	50.685	45.988
2141	159.948	240.214
2142	17.853	225.144
2143	245.927	15.729
2144	279.794	107.212
2145	295.917	177.691
2146	56.371	295.367
2147	261.986	235.472
2148	172.729	104.401
2149	279.061	295.935
2150	123.243	256.236
2151	116.404	196.570
2152	109.629	253.069
2153	195.270	240.022
2154	74.911	263.021
2155	169.616	239.308
2156	205.194	102.396
2157	216.877	33.198
2158	21.003	48.982
2159	135.447	281.103
2160	230.253	270.830
2161	196.020	96.738
2162	264.531	4.724
2163	43.342	230.171
2164	170.687	169.039
2165	195.563	257.353
2166	79.608	44.917
2167	37.877	286.715
2168	223.945	110.553
2169	157.375	142.122
2170	126.768	162.676
2171	215.952	231.571
2172	233.018	9.751
2173	208.234	60.967
2174	105.591	271.288
2175	201.312	102.432
2176	57.927	67.431
2177	103.174	276.498
2178	45.027	233.558
2179	256.749	157.466
2180	284.719	143.852
2181	206.366	161.476
2182	131.080	78.582
2183	33.619	126.511
2184	271.920	219.257
2185	109.418	243.748
2186	272.057	106.049
2187	59.053	149.730
2188	134.523	141.975
2189	287.338	238.612
2190	1.282	278.045
2191	260.475	103.833
2192	65.535	163.921
2193	191.763	268.807
2194	217.399	98.331
2195	27.741	15.674
2196	294.882	163.665
2197	281.936	171.877
2198	162.008	179.165
2199	112.787	63.494
2200	185.922	256.969
2201	192.990	195.160
2202	134.971	95.557
2203	66.680	165.542
2204	69.445	94.824
2205	241.844	78.115
2206	47.114	27.146
2207	214.277	56.261
2208	115.149	149.025
2209	270.547	122.355
2210	110.508	187.405
2211	66.277	149.995
2212	140.602	185.208
2213	27.128	48.964
2214	66.103	140.483
2215	68.905	192.083
2216	57.753	23.365
2217	184.017	143.495
2218	249.086	105.499
2219	90.960	197.632
2220	56.911	185.958
2221	93.799	188.357
2222	291.513	48.360
2223	48.433	77.584
2224	228.239	33.372
2225	82.656	82.730
2226	262.618	161.000
2227	266.674	52.470
2228	220.685	287.072
2229	181.207	50.035
2230	46.483	28.236
2231	79.882	53.560
2232	138.551	40.028
2233	92.837	132.783
2234	257.344	82.034
2235	68.374	211.493
2236	275.408	254.900
2237	99.631	175.063
2238	192.248	243.318
2239	133.048	32.502
2240	285.626	249.461
2241	205.625	292.410
2242	21.342	251.238
2243	7.581	162.072
2244	193.310	69.692
2245	217.747	29.270
2246	15.610	180.016
2247	108.008	136.079
2248	238.832	50.374
2249	164.168	103.916
2250	112.055	243.217
2251	19.813	219.514
2252	162.795	263.057
2253	150.133	140.840
2254	116.486	185.519
2255	22.587	132.627
2256	27.522	151.643
2257	251.329	190.701
2258	243.721	62.075
2259	252.107	64.583
2260	176.025	155.443
2261	144.749	37.721
2262	195.352	5.246
2263	199.921	74.664
2264	28.492	219.715
2265	277.074	194.665
2266	74.929	178.936
2267	50.511	280.947
2268	216.327	293.701
2269	70.470	85.183
2270	140.767	20.362
2271	255.889	36.412
2272	253.526	116.175
2273	66.030	13.807
2274	296.118	69.381
2275	247.649	292.721
2276	145.756	88.525
2277	204.563	23.310
2278	216.913	85.266
2279	186.654	151.250
2280	236.827	235.234
2281	244.993	139.668
2282	117.035	51.006
2283	50.108	201.917
2284	192.605	251.988
2285	220.200	204.462
2286	51.006	165.111
2287	256.163	49.229
2288	122.584	41.182
2289	30.378	194.830
2290	154.280	120.890
2291	226.041	226.023
2292	238.832	135.017
2293	273.934	130.833
2294	20.902	73.272
2295	283.621	94.604
2296	252.455	205.982
2297	115.772	170.440
2298	218.809	293.106
2299	292.593	135.429
2300	7.617	164.937
2301	293.234	291.906
2302	242.503	108.887
2303	131.016	223.286
2304	153.035	246.660
2305	159.389	163.710
2306	103.357	36.192
2307	203.455	190.957
2308	150.902	82.894
2309	163.958	101.965
2310	157.302	194.336
2311	190.600	280.389
2312	223.414	62.889
2313	171.612	115.387
2314	70.058	110.736
2315	236.341	281.359
2316	36.760	181.454
2317	217.866	37.620
2318	219.898	212.720
2319	72.402	57.671
2320	122.593	274.474
2321	102.441	147.276
2322	137.855	206.778
2323	280.471	260.823
2324	37.025	141.993
2325	220.118	175.274
2326	285.461	45.393
2327	291.742	231.132
2328	157.091	158.785
2329	29.069	299.771
2330	270.006	181.353
2331	24.097	286.468
2332	214.743	272.314
2333	156.780	228.614
2334	97.241	209.479
2335	56.682	298.379
2336	268.349	88.351
2337	43.315	269.256
2338	261.647	95.996
2339	42.006	255.815
2340	211.649	44.029
2341	122.282	186.160
2342	74.096	95.291
2343	155.580	116.248
2344	220.273	68.328
2345	139.128	45.723
2346	227.204	254.231
2347	182.992	144.365
2348	35.688	230.171
2349	207.007	48.717
2350	297.958	103.925
2351	144.557	238.237
2352	86.740	73.949
2353	100.134	250.203
2354	187.982	39.076
2355	57.387	42.994
2356	248.564	242.595
2357	84.680	166.924
2358	101.315	184.713
2359	35.011	152.019
2360	139.091	88.086
2361	287.100	72.274
2362	259.606	50.539
2363	124.525	195.572
2364	53.102	269.549
2365	99.969	78.692
2366	54.805	172.710
2367	181.133	116.971
2368	133.625	138.734
2369	25.416	7.581
2370	239.509	43.123
2371	80.294	136.317
2372	180.941	113.135
2373	255.925	46.757
2374	54.595	126.228
2375	267.342	1.611
2376	99.081	36.485
2377	192.679	95.328
2378	94.504	163.326
2379	244.572	227.451
2380	79.846	126.841
2381	101.480	196.149
2382	109.967	64.327
2383	95.859	221.180
2384	224.201	12.085
2385	106.067	255.742
2386	148.228	87.115
2387	248.784	196.588
2388	201.340	53.001
2389	118.986	251.704
2390	230.784	4.294
2391	74.197	275.060
2392	145.143	153.850
2393	109.949	27.631
2394	68.630	257.500
2395	123.371	74.270
2396	88.150	260.347
2397	111.689	175.567
2398	14.978	299.176
2399	202.603	284.335
2400	33.052	145.253
2401	263.341	105.866
2402	255.522	121.915
2403	185.308	231.489
2404	61.699	281.423
2405	291.238	204.691
2406	36.100	175.237
2407	261.629	129.258
2408	181.536	202.347
2409	227.369	278.851
2410	228.037	269.851
2411	25.553	217.151
2412	209.635	50.191
2413	265.163	288.318
2414	230.766	169.506
2415	299.570	86.776
2416	294.150	211.347
2417	52.855	66.048
2418	12.140	70.241
2419	196.661	295.596
2420	273.312	239.463
2421	124.406	125.504
2422	86.163	67.238
2423	220.026	268.010
2424	271.920	66.039
2425	67.751	255.486
2426	28.153	109.052
2427	0.119	284.097
2428	135.292	198.419
2429	30.799	102.615
2430	27.586	139.457
2431	269.347	55.739
2432	100.812	5.356
2433	164.663	241.240
2434	78.225	126.713
2435	74.032	190.344
2436	6.858	90.100
2437	104.593	130.824
2438	105.930	280.398
2439	24.162	241.963
2440	39.296	50.859
2441	288.327	160.936
2442	133.836	255.651
2443	180.456	249.983
2444	15.491	28.922
2445	11.902	283.602
2446	185.134	45.036
2447	78.903	65.316
2448	205.771	44.176
2449	23.127	33.262
2450	223.286	157.796
2451	292.996	64.052
2452	92.398	118.171
2453	52.287	234.217
2454	129.752	186.627
2455	133.222	248.656
2456	166.091	284.619
2457	280.636	95.474
2458	19.236	262.059
2459	184.283	136.564
2460	159.975	187.487
2461	146.159	193.246
2462	292.428	294.140
2463	79.589	36.467
2464	21.085	66.543
2465	187.030	240.846
2466	226.197	1.840
2467	213.471	111.917
2468	19.346	130.384
2469	22.349	46.080
2470	201.367	29.783
2471	190.719	232.487
2472	294.058	116.980
2473	270.647	56.233
2474	67.962	252.556
2475	13.733	12.470
2476	137.855	241.752
2477	5.594	290.423
2478	247.887	66.515
2479	107.120	237.065
2480	18.238	233.064
2481	249.489	59.548
2482	175.210	69.088
2483	179.788	275.994
2484	36.522	55.327
2485	4.019	273.751
2486	73.867	25.544
2487	224.567	184.750
2488	224.348	219.532
2489	118.693	237.248
2490	72.924	23.319
2491	55.327	293.207
2492	277.624	181.243
2493	296.649	30.854
2494	259.304	13.807
2495	81.585	81.796
2496	228.056	226.243
2497	38.032	81.841
2498	167.959	141.646
2499	20.609	245.231
2500	252.107	243.483
2501	220.896	21.360
2502	109.729	61.498
2503	47.023	143.605
2504	217.490	185.684
2505	219.468	129.395
2506	136.473	242.412
2507	179.916	241.139
2508	167.144	117.374
2509	160.094	267.168
2510	243.831	159.536
2511	7.453	232.286
2512	240.745	150.444
2513	214.560	197.046
2514	11.454	273.486
2515	249.022	55.428
2516	33.628	267.168
2517	230.967	89.990
2518	80.807	297.089
2519	154.765	194.089
2520	93.368	30.744
2521	2.051	20.454
2522	70.278	49.705
2523	42.747	65.526
2524	153.658	283.419
2525	171.117	248.848
2526	128.004	199.060
2527	273.586	196.982
2528	105.884	231.928
2529	175.320	191.369
2530	122.089	190.454
2531	262.453	89.294
2532	108.045	120.597
2533	126.576	277.551
2534	68.319	263.625
2535	228.816	168.105
2536	131.263	191.919
2537	29.893	95.071
2538	295.422	57.030
2539	283.474	22.504
2540	143.797	134.523
2541	239.262	22.239
2542	147.752	99.667
2543	153.163	131.254
2544	32.447	218.790
2545	150.966	47.902
2546	25.599	190.298
2547	142.708	176.391
2548	161.641	219.880
2549	234.483	278.851
2550	162.877	64.318
2551	34.581	244.435
2552	169.836	28.236
2553	200.836	134.751
2554	42.335	248.051
2555	126.063	115.076
2556	203.528	147.707
2557	208.454	130.604
2558	248.363	100.473
2559	203.803	237.312
2560	88.763	281.048
2561	6.491	246.587
2562	157.137	242.613
2563	55.968	193.146
2564	40.101	202.951
2565	215.778	285.553
2566	164.452	74.242
2567	21.836	48.735
2568	207.080	220.649
2569	47.060	117.905
2570	50.859	278.283
2571	78.893	93.103
2572	258.232	21.891
2573	156.972	114.042
2574	84.478	112.503
2575	167.473	164.251
2576	202.548	110.562
2577	141.307	264.266
2578	61.196	288.876
2579	252.821	62.880
2580	48.479	129.679
2581	265.950	86.209
2582	182.388	40.339
2583	124.744	153.557
2584	100.418	71.944
2585	235.160	219.788
2586	170.174	75.158
2587	134.733	53.349
2588	92.645	177.837
2589	97.497	9.531
2590	220.164	18.632
2591	170.504	208.051
2592	160.881	121.082
2593	289.169	74.636
2594	191.662	242.439
2595	168.178	55.803
2596	51.207	181.756
2597	214.844	266.262
2598	35.405	281.451
2599	61.837	278.301
2600	166.604	206.833
2601	166.073	212.546
2602	258.855	137.983
2603	70.690	139.448
2604	250.890	258.205
2605	277.084	50.951
2606	28.813	273.632
2607	123.627	111.551
2608	210.221	248.225
2609	118.216	148.283
2610	111.780	288.546
2611	221.363	188.961
2612	72.091	62.780
2613	126.713	107.990
2614	151.634	188.247
2615	236.021	189.245
2616	281.808	171.850
2617	75.121	65.188
2618	184.832	37.895
2619	48.268	241.899
2620	236.451	27.503
2621	277.148	69.042
2622	93.222	104.126
2623	21.918	264.486
2624	156.404	249.480
2625	130.961	252.666
2626	294.205	284.298
2627	16.041	226.289
2628	294.305	198.218
2629	0.156	290.588
2630	68.511	23.310
2631	234.556	299.551
2632	181.527	235.444
2633	132.032	243.638
2634	125.440	217.966
2635	13.340	298.077
2636	12.186	272.158
2637	213.471	91.400
2638	105.545	208.628
2639	244.874	203.427
2640	264.641	4.221
2641	164.306	52.104
2642	20.920	58.650
2643	140.309	278.622
2644	160.396	235.408
2645	68.163	190.078
2646	232.926	21.104
2647	29.115	169.259
2648	60.665	187.909
2649	140.867	210.633
2650	267.370	193.091
2651	296.164	292.227
2652	0.357	100.427
2653	136.244	42.509
2654	67.330	57.533
2655	56.307	111.863
2656	59.511	113.703
2657	289.499	7.819
2658	83.325	12.488
2659	66.579	203.629
2660	172.298	243.556
2661	198.090	279.409
2662	201.065	87.939
2663	275.738	5.264
2664	273.522	241.432
2665	140.089	225.831
2666	206.687	50.072
2667	111.341	255.495
2668	182.580	242.476
2669	30.003	43.754
2670	289.499	293.097
2671	4.450	220.145
2672	124.982	101.032
2673	212.189	177.883
2674	82.171	218.534
2675	251.686	205.899
2676	91.317	113.749
2677	191.671	28.364
2678	138.560	102.011
2679	214.808	61.370
2680	133.699	130.064
2681	102.506	145.747
2682	148.842	147.569
2683	257.894	265.868
2684	99.823	50.310
2685	113.666	113.355
2686	192.312	29.444
2687	121.897	205.487
2688	4.386	211.209
2689	172.390	217.261
2690	227.589	121.384
2691	36.778	236.854
2692	138.130	158.959
2693	85.000	3.635
2694	220.374	213.407
2695	71.111	38.224
2696	14.255	9.751
2697	235.334	23.777
2698	8.643	216.135
2699	119.178	148.228
2700	52.470	197.851
2701	240.544	166.439
2702	105.454	152.605
2703	225.611	91.986
2704	0.439	211.109
2705	44.487	277.770
2706	139.082	37.510
2707	47.444	294.818
2708	92.792	214.029
2709	148.576	68.767
2710	30.845	244.050
2711	153.813	283.364
2712	147.569	158.300
2713	80.139	110.196
2714	10.300	258.187
2715	62.954	74.334
2716	200.259	280.874
2717	198.291	14.969
2718	67.953	20.454
2719	216.932	250.615
2720	275.225	289.480
2721	237.248	108.118
2722	45.540	255.293
2723	93.616	124.964
2724	194.729	235.664
2725	287.255	284.179
2726	63.732	287.796
2727	256.438	291.202
2728	25.425	75.387
2729	12.891	252.135
2730	87.371	248.006
2731	241.359	262.810
2732	262.307	17.020
2733	8.954	267.837
2734	128.233	162.758
2735	81.576	199.225
2736	250.194	156.917
2737	193.814	253.902
2738	185.217	134.944
2739	69.601	119.388
2740	242.750	2.445
2741	40.266	7.169
2742	222.105	110.306
2743	256.887	203.006
2744	198.968	282.568
2745	43.901	193.612
2746	182.809	131.758
2747	290.863	79.159
2748	117.090	145.820
2749	228.971	230.747
2750	44.066	181.143
2751	189.648	102.524
2752	106.177	245.946
2753	191.699	257.555
2754	205.734	208.563
2755	254.103	117.008
2756	195.032	14.859
2757	81.219	291.925
2758	118.455	49.184
2759	117.438	206.952
2760	178.707	223.276
2761	117.887	175.530
2762	248.921	127.491
2763	232.350	135.759
2764	102.496	28.675
2765	149.116	6.336
2766	182.635	249.123
2767	95.602	172.124
2768	183.404	210.916
2769	142.790	158.428
2770	64.116	80.139
2771	110.150	3.644
2772	169.121	295.239
2773	118.107	289.480
2774	274.621	113.868
2775	184.759	238.072
2776	234.556	62.825
2777	113.904	35.652
2778	247.411	125.129
2779	171.081	191.864
2780	115.754	48.863
2781	194.574	194.089
2782	20.463	212.088
2783	38.289	66.478
2784	81.439	128.086
2785	193.356	192.715
2786	26.725	225.538
2787	85.211	11.994
2788	141.957	87.774
2789	93.268	247.758
2790	21.836	285.681
2791	289.874	278.265
2792	195.782	88.388
2793	145.427	108.631
2794	149.345	286.459
2795	296.667	53.597
2796	213.489	111.542
2797	124.882	90.356
2798	243.474	187.295
2799	40.934	90.960
2800	159.261	195.563
2801	124.030	193.503
2802	69.344	192.459
2803	111.075	121.622
2804	249.837	258.589
2805	183.459	11.573
2806	200.708	217.820
2807	48.186	56.325
2808	51.024	109.033
2809	260.265	25.965
2810	235.170	145.134
2811	283.117	173.965
2812	11.682	243.721
2813	233.970	88.388
2814	46.941	263.881
2815	211.118	297.775
2816	35.185	133.351
2817	249.846	190.747
2818	177.078	100.528
2819	203.949	58.953
2820	188.440	295.624
2821	199.774	222.599
2822	161.193	135.356
2823	59.474	247.914
2824	248.326	55.684
2825	140.629	216.080
2826	194.693	106.717
2827	188.797	152.852
2828	185.711	294.314
2829	150.124	178.295
2830	135.539	202.860
2831	140.803	186.013
2832	86.941	83.325
2833	220.164	111.277
2834	44.450	41.227
2835	164.379	197.330
2836	112.815	108.713
2837	187.698	219.376
2838	162.658	235.243
2839	107.907	75.552
2840	195.059	281.167
2841	3.095	104.209
2842	27.128	248.610
2843	156.450	237.001
2844	70.305	234.098
2845	36.027	247.053
2846	23.301	37.107
2847	106.351	201.660
2848	251.613	9.220
2849	218.763	78.793
2850	275.344	77.895
2851	177.306	56.911
2852	37.400	29.591
2853	127.079	137.333
2854	173.827	86.300
2855	61.992	8.661
2856	58.010	60.134
2857	298.627	212.519
2858	41.026	20.115
2859	113.218	120.038
2860	59.584	155.718
2861	288.720	78.536
2862	133.644	71.395
2863	168.462	237.559
2864	25.636	296.667
2865	63.787	113.895
2866	282.998	245.781
2867	212.033	104.785
2868	136.006	211.832
2869	232.176	8.771
2870	172.793	129.231
2871	174.660	263.524
2872	163.326	289.169
2873	212.528	60.015
2874	254.360	42.390
2875	70.589	142.479
2876	107.047	273.705
2877	39.607	253.481
2878	299.359	282.366
2879	172.243	233.430
2880	264.879	253.142
2881	107.743	134.019
2882	90.054	251.970
2883	22.257	254.891
2884	141.792	30.909
2885	51.573	62.871
2886	147.038	176.601
2887	183.166	203.299
2888	96.527	186.691
2889	64.510	262.600
2890	94.412	8.487
2891	124.442	91.693
2892	25.544	24.445
2893	154.518	49.486
2894	62.597	18.503
2895	47.151	175.860
2896	184.521	208.032
2897	37.529	253.508
2898	28.529	75.451
2899	46.043	168.023
2900	247.328	184.155
2901	268.276	125.669
2902	93.405	12.864
2903	209.186	138.011
2904	202.521	293.005
2905	108.658	133.030
2906	197.897	183.322
2907	155.022	101.929
2908	87.335	166.247
2909	233.595	141.060
2910	174.908	100.217
2911	107.038	98.331
2912	59.163	12.571
2913	74.398	183.551
2914	139.796	267.086
2915	205.826	151.900
2916	204.526	290.790
2917	299.625	220.099
2918	18.128	294.351
2919	158.739	124.580
2920	85.559	70.305
2921	233.421	80.972
2922	10.877	203.684
2923	126.951	54.329
2924	124.030	79.223
2925	111.396	199.545
2926	197.201	119.764
2927	150.105	81.191
2928	22.761	239.894
2929	74.004	132.252
2930	174.615	149.583
2931	208.408	261.071
2932	224.705	91.885
2933	97.360	265.960
2934	236.808	149.236
2935	22.230	266.793
2936	109.308	2.637
2937	261.620	112.925
2938	188.815	278.237
2939	89.230	176.885
2940	126.612	165.441
2941	156.844	93.194
2942	299.762	241.276
2943	58.962	251.668
2944	68.657	84.982
2945	126.356	204.553
2946	193.109	217.563
2947	144.987	296.979
2948	78.527	50.420
2949	147.588	79.919
2950	174.413	177.618
2951	174.450	115.296
2952	196.780	95.950
2953	250.459	132.279
2954	196.506	287.521
2955	175.237	144.475
2956	245.451	48.762
2957	73.226	187.112
2958	62.249	0.751
2959	100.574	183.844
2960	49.559	64.702
2961	255.834	102.295
2962	264.797	37.501
2963	191.113	107.935
2964	296.072	151.241
2965	270.794	275.546
2966	165.304	51.418
2967	174.541	167.638
2968	130.375	178.039
2969	191.525	239.326
2970	108.145	83.947
2971	2.719	278.851
2972	190.298	74.993
2973	98.212	143.284
2974	273.714	106.095
2975	26.276	98.688
2976	277.551	217.829
2977	121.210	24.171
2978	168.554	47.755
2979	6.720	189.145
2980	66.744	201.047
2981	221.830	163.234
2982	253.197	14.493
2983	266.042	68.209
2984	151.863	198.584
2985	10.749	131.181
2986	7.324	91.830
2987	173.800	48.643
2988	130.247	111.771
2989	103.861	120.579
2990	232.560	37.062
2991	271.801	264.074
2992	24.079	104.941
2993	215.632	65.764
2994	292.639	58.550
2995	236.140	182.653
2996	239.363	128.434
2997	289.947	150.316
2998	191.195	282.522
2999	176.849	108.310
3000	62.395	229.154
3001	168.480	1.886
3002	286.981	107.321
3003	174.972	169.359
3004	93.817	148.631
3005	196.588	174.734
3006	146.571	145.289
3007	157.219	94.687
3008	219.999	8.560
3009	66.597	219.550
3010	134.678	152.000
3011	108.045	77.410
3012	22.083	283.859
3013	98.724	240.947
3014	41.768	143.074
3015	19.245	26.093
3016	122.501	163.170
3017	159.416	242.329
3018	149.409	198.465
3019	177.123	203.381
3020	268.853	296.970
3021	117.182	258.351
3022	232.926	154.289
3023	287.027	252.153
3024	155.507	33.052
3025	36.009	74.828
3026	101.682	82.070
3027	135.493	209.241
3028	282.495	239.665
3029	106.177	36.164
3030	176.785	55.602
3031	289.901	206.604
3032	152.065	15.940
3033	12.616	240.260
3034	6.326	105.179
3035	135.484	59.941
3036	102.606	190.051
3037	140.822	220.933
3038	118.152	59.429
3039	150.032	244.920
3040	180.190	104.666
3041	120.130	17.835
3042	10.025	174.624
3043	15.931	60.820
3044	247.502	290.075
3045	104.639	233.934
3046	77.447	151.433
3047	69.829	181.738
3048	130.357	224.668
3049	291.568	180.346
3050	278.805	139.256
3051	89.697	295.184
3052	101.691	183.038
3053	177.050	108.823
3054	38.160	127.995
3055	219.477	228.358
3056	203.015	271.508
3057	249.599	31.632
3058	285.498	127.390
3059	131.162	61.727
3060	203.409	251.155
3061	120.862	229.026
3062	134.376	233.769
3063	24.436	130.274
3064	196.039	148.384
3065	294.067	144.099
3066	197.275	284.362
3067	163.747	12.104
3068	32.099	152.962
3069	69.793	165.276
3070	238.255	299.121
3071	152.953	104.666
3072	292.309	103.586
3073	289.425	296.191
3074	163.189	209.973
3075	47.380	88.397
3076	295.907	60.884
3077	115.946	213.114
3078	147.533	77.667
3079	3.507	277.889
3080	47.124	168.032
3081	152.312	109.903
3082	201.569	196.039
3083	266.024	160.598
3084	119.196	98.715
3085	197.339	230.390
3086	73.070	183.789
3087	292.419	122.959
3088	75.781	192.761
3089	39.003	288.318
3090	87.619	63.842
3091	15.143	64.135
3092	230.042	79.104
3093	285.379	274.758
3094	226.279	30.085
3095	241.212	297.107
3096	141.023	186.425
3097	232.908	253.041
3098	140.867	101.700
3099	89.257	237.394
3100	147.716	141.087
3101	272.359	41.163
3102	106.671	264.916
3103	164.223	279.208
3104	240.535	52.782
3105	132.096	281.744
3106	212.683	202.374
3107	69.390	259.148
3108	170.238	187.533
3109	158.995	99.374
3110	189.337	109.857
3111	156.047	207.337
3112	194.482	228.230
3113	236.790	45.640
3114	173.754	200.644
3115	10.584	86.126
3116	61.791	222.709
3117	241.908	131.455
3118	12.452	97.250
3119	279.080	16.242
3120	133.003	219.275
3121	236.845	147.029
3122	101.617	210.779
3123	29.417	90.484
3124	140.300	89.743
3125	101.059	169.277
3126	164.800	7.663
3127	150.948	74.865
3128	83.673	140.025
3129	99.283	56.737
3130	168.160	64.025
3131	191.507	197.311
3132	264.898	108.118
3133	287.393	31.999
3134	73.217	107.422
3135	32.081	23.804
3136	159.041	149.721
3137	255.770	251.650
3138	227.085	246.165
3139	98.935	222.105
3140	23.411	211.209
3141	110.169	263.634
3142	290.158	286.093
3143	113.181	12.845
3144	144.108	190.225
3145	290.103	152.211
3146	1.410	134.907
3147	277.880	208.307
3148	119.910	283.731
3149	224.613	70.415
3150	281.130	93.954
3151	102.698	138.478
3152	283.850	23.502
3153	25.736	259.926
3154	171.053	137.507
3155	265.996	164.809
3156	162.136	199.261
3157	119.306	58.477
3158	112.238	279.583
3159	14.393	181.335
3160	270.684	169.149
3161	13.303	94.842
3162	160.213	228.193
3163	299.973	103.385
3164	49.065	157.787
3165	103.751	171.191
3166	37.703	127.235
3167	54.778	243.739
3168	32.008	141.865
3169	218.049	33.061
3170	124.928	285.681
3171	3.021	76.284
3172	158.382	123.124
3173	295.834	26.753
3174	87.289	194.455
3175	210.642	187.213
3176	217.682	288.977
3177	207.364	144.264
3178	240.617	130.677
3179	72.402	213.663
3180	33.976	160.469
3181	209.351	155.681
3182	253.874	249.507
3183	136.537	269.933
3184	287.494	27.915
3185	238.319	229.154
3186	289.471	163.390
3187	66.845	161.110
3188	73.464	173.882
3189	141.481	238.264
3190	80.908	208.911
3191	242.311	284.280
3192	198.730	283.767
3193	245.094	156.999
3194	148.064	201.028
3195	94.165	17.139
3196	215.650	243.803
3197	160.314	42.116
3198	49.925	174.917
3199	80.560	194.281
3200	293.628	226.673
3201	26.551	203.134
3202	274.804	115.259
3203	98.651	70.717
3204	128.059	64.501
3205	292.355	59.667
3206	268.065	173.022
3207	34.178	173.186
3208	286.871	9.430
3209	33.702	186.435
3210	97.388	169.781
3211	48.634	238.713
3212	294.443	181.664
3213	109.958	45.622
3214	55.510	189.474
3215	3.818	40.880
3216	53.121	204.984
3217	57.167	106.845
3218	0.421	157.759
3219	123.984	103.430
3220	102.222	229.823
3221	118.931	254.534
3222	233.100	208.747
3223	195.416	201.468
3224	114.490	43.809
3225	14.759	182.855
3226	12.781	39.351
3227	3.562	150.114
3228	130.082	169.854
3229	145.949	278.201
3230	9.687	251.073
3231	107.660	180.703
3232	28.062	151.598
3233	138.917	289.004
3234	295.230	279.244
3235	252.794	4.431
3236	235.389	26.542
3237	126.081	283.264
3238	169.753	109.894
3239	219.541	163.546
3240	73.373	186.581
3241	264.229	293.390
3242	127.812	84.048
3243	111.075	269.988
3244	41.704	226.014
3245	290.332	148.668
3246	260.860	289.462
3247	77.795	131.602
3248	239.921	77.136
3249	14.933	95.172
3250	197.467	139.933
3251	79.379	165.789
3252	26.341	133.268
3253	153.044	103.165
3254	281.130	242.183
3255	284.463	200.690
3256	114.655	59.273
3257	192.431	262.069
3258	85.421	250.029
3259	7.672	263.817
3260	207.794	189.676
3261	199.518	162.804
3262	266.802	206.275
3263	284.326	58.284
3264	269.512	114.106
3265	262.746	267.827
3266	254.781	271.957
3267	182.452	126.447
3268	33.271	150.462
3269	273.412	168.426
3270	179.687	43.159
3271	52.452	201.065
3272	48.854	5.347
3273	44.057	29.765
3274	137.938	155.324
3275	14.219	143.989
3276	66.213	22.230
3277	64.309	123.206
3278	94.687	175.027
3279	281.707	172.362
3280	157.054	216.868
3281	194.226	246.275
3282	124.158	279.272
3283	25.040	72.210
3284	73.748	100.455
3285	195.178	230.088
3286	87.289	122.291
3287	170.183	99.704
3288	145.885	190.115
3289	298.215	34.269
3290	247.035	289.874
3291	235.984	269.768
3292	114.216	106.964
3293	9.879	29.353
3294	121.064	41.108
3295	8.789	132.289
3296	102.130	161.669
3297	255.651	266.738
3298	71.999	37.730
3299	54.613	235.783
3300	124.671	127.464
3301	160.689	236.076
3302	235.160	160.891
3303	168.682	178.515
3304	235.014	0.723
3305	168.316	10.208
3306	83.801	215.448
3307	262.563	147.267
3308	108.402	49.019
3309	95.776	77.621
3310	131.831	221.784
3311	88.791	243.437
3312	163.710	146.626
3313	227.653	162.291
3314	74.050	295.093
3315	202.960	296.713
3316	22.367	197.586
3317	46.693	31.184
3318	263.900	112.165
3319	263.341	166.292
3320	4.871	146.269
3321	2.216	189.126
3322	228.678	65.719
3323	67.971	229.502
3324	264.769	175.439
3325	15.912	61.241
3326	222.288	206.174
3327	29.298	258.003
3328	260.118	191.736
3329	125.248	262.902
3330	115.452	270.931
3331	186.279	281.460
3332	62.505	98.761
3333	264.302	257.097
3334	123.481	201.184
3335	153.951	138.679
3336	203.510	257.674
3337	82.116	99.384
3338	71.477	246.248
3339	10.584	116.330
3340	58.678	35.102
3341	298.599	270.336
3342	197.082	55.300
3343	22.294	275.097
3344	169.066	138.862
3345	197.833	195.389
3346	190.701	56.728
3347	105.124	263.323
3348	100.134	40.861
3349	258.983	252.355
3350	73.254	24.885
3351	224.659	218.223
3352	238.301	87.719
3353	24.583	66.268
3354	211.402	234.428
3355	233.146	54.530
3356	24.885	198.804
3357	206.494	291.870
3358	170.266	102.048
3359	44.102	140.684
3360	127.647	251.769
3361	29.170	83.453
3362	3.681	15.857
3363	144.429	62.496
3364	149.693	55.574
3365	10.584	152.385
3366	81.942	52.113
3367	44.002	274.328
3368	276.031	111.121
3369	280.572	11.921
3370	57.012	79.553
3371	62.780	37.712
3372	257.500	159.188
3373	136.637	209.726
3374	265.246	51.170
3375	155.461	47.618
3376	232.313	16.050
3377	37.391	247.703
3378	167.666	183.532
3379	273.522	146.059
3380	84.973	296.512
3381	33.372	289.499
3382	127.665	123.554
3383	164.882	223.267
3384	42.830	24.418
3385	35.405	55.364
3386	226.261	102.808
3387	110.993	106.388
3388	110.004	130.778
3389	120.469	4.624
3390	14.805	179.321
3391	201.440	235.627
3392	138.899	239.225
3393	275.033	5.557
3394	105.261	266.875
3395	246.074	127.940
3396	239.180	139.109
3397	175.942	292.850
3398	197.870	51.775
3399	24.583	28.217
3400	24.244	246.065
3401	208.802	212.482
3402	146.461	297.226
3403	173.653	47.920
3404	295.285	149.977
3405	123.765	154.198
3406	161.129	134.989
3407	111.524	91.281
3408	262.618	50.649
3409	128.947	71.377
3410	148.485	244.838
3411	200.150	268.963
3412	204.828	280.737
3413	221.271	288.510
3414	289.434	221.244
3415	44.761	299.213
3416	265.172	116.340
3417	154.820	96.051
3418	154.308	27.705
3419	131.007	296.594
3420	185.556	75.066
3421	46.712	132.920
3422	255.733	138.569
3423	199.554	248.079
3424	278.054	201.578
3425	120.432	156.359
3426	38.728	68.291
3427	58.184	276.800
3428	33.866	40.577
3429	186.728	299.387
3430	108.557	88.260
3431	131.437	193.146
3432	69.857	297.446
3433	61.919	115.708
3434	295.880	131.062
3435	247.685	133.497
3436	212.445	186.196
3437	23.841	212.152
3438	159.526	82.327
3439	263.744	186.352
3440	19.153	65.114
3441	105.106	168.572
3442	126.731	259.972
3443	126.997	206.027
3444	237.614	59.740
3445	24.024	245.286
3446	270.858	281.039
3447	275.033	113.813
3448	101.975	73.418
3449	52.937	277.981
3450	26.606	215.961
3451	272.680	86.657
3452	66.945	285.388
3453	124.094	260.146
3454	42.821	130.384
3455	186.682	33.326
3456	79.278	36.274
3457	173.003	212.995
3458	172.646	114.472
3459	197.769	158.089
3460	286.734	201.184
3461	219.294	242.888
3462	201.303	199.637
3463	250.313	211.878
3464	284.536	50.218
3465	185.061	186.251
3466	11.316	162.932
3467	39.360	130.952
3468	199.435	296.548
3469	50.749	41.987
3470	85.257	118.775
3471	235.343	263.112
3472	11.124	31.916
3473	48.497	291.440
3474	245.964	98.267
3475	146.068	281.304
3476	111.267	149.748
3477	293.005	5.731
3478	234.254	116.019
3479	216.437	84.863
3480	99.933	55.638
3481	149.867	240.791
3482	24.207	124.396
3483	65.499	288.134
3484	19.630	265.447
3485	41.475	119.691
3486	175.896	155.361
3487	161.064	196.652
3488	126.777	90.786
3489	290.368	2.609
3490	125.559	49.724
3491	231.819	170.852
3492	100.656	12.140
3493	0.018	44.249
3494	113.419	274.007
3495	116.935	277.184
3496	89.944	39.360
3497	173.324	138.752
3498	148.842	224.659
3499	53.194	26.817
3500	296.677	59.731
3501	268.340	52.104
3502	213.132	19.913
3503	99.567	101.819
3504	297.702	73.501
3505	191.736	42.106
3506	199.710	79.077
3507	199.335	68.804
3508	203.711	16.956
3509	229.575	165.743
3510	191.910	289.297
3511	279.720	180.117
3512	55.721	72.951
3513	115.735	74.142
3514	178.167	259.871
3515	88.955	62.514
3516	159.032	268.954
3517	237.742	194.967
3518	104.749	64.071
3519	270.949	293.326
3520	254.717	262.572
3521	180.126	102.368
3522	266.042	268.422
3523	177.316	264.101
3524	228.605	214.670
3525	5.264	74.380
3526	232.212	49.449
3527	217.060	131.831
3528	257.793	49.834
3529	71.816	137.864
3530	214.496	298.086
3531	43.663	257.610
3532	94.586	104.474
3533	290.487	200.900
3534	67.925	11.344
3535	79.662	232.762
3536	188.046	162.346
3537	17.423	72.741
3538	131.547	71.725
3539	78.802	192.550
3540	142.882	177.599
3541	85.101	271.224
3542	6.143	13.926
3543	125.623	217.362
3544	216.034	285.324
3545	70.653	17.679
3546	69.527	79.196
3547	172.555	221.345
3548	150.572	99.612
3549	101.737	219.376
3550	29.197	157.109
3551	214.570	28.593
3552	147.267	299.094
3553	299.908	39.415
3554	212.629	114.856
3555	201.257	236.854
3556	73.482	199.966
3557	261.428	254.186
3558	194.977	14.045
3559	286.431	268.615
3560	209.726	16.590
3561	75.689	198.236
3562	164.342	215.027
3563	215.265	209.854
3564	233.613	9.485
3565	181.051	296.768
3566	224.476	168.636
3567	248.885	136.198
3568	41.346	120.908
3569	58.193	285.488
3570	35.020	95.538
3571	26.460	226.572
3572	6.702	97.864
3573	260.961	18.055
3574	289.279	153.017
3575	164.882	164.360
3576	77.520	102.707
3577	284.747	161.055
3578	29.362	89.230
3579	295.779	226.142
3580	109.693	11.142
3581	72.347	76.302
3582	299.039	285.067
3583	140.181	157.768
3584	238.621	97.800
3585	57.314	90.896
3586	33.876	283.392
3587	20.627	38.133
3588	88.232	109.253
3589	44.826	54.540
3590	89.019	205.899
3591	210.779	130.274
3592	117.447	24.592
3593	230.033	184.521
3594	104.419	257.344
3595	22.477	20.069
3596	4.175	103.476
3597	153.914	298.114
3598	207.566	117.383
3599	230.445	42.409
3600	66.790	221.638
3601	96.655	132.490
3602	53.688	19.877
3603	134.312	194.876
3604	23.109	293.976
3605	108.512	152.165
3606	3.571	219.642
3607	58.248	138.890
3608	186.892	285.076
3609	278.127	143.907
3610	238.713	46.785
3611	288.125	288.418
3612	1.813	107.257
3613	138.423	99.164
3614	214.084	148.503
3615	46.016	86.099
3616	212.958	6.162
3617	209.992	83.956
3618	248.354	118.354
3619	102.432	66.982
3620	275.784	233.741
3621	281.872	296.365
3622	151.662	213.077
3623	25.846	209.616
3624	2.628	8.808
3625	129.972	111.359
3626	290.808	256.859
3627	269.823	274.795
3628	46.712	265.154
3629	272.936	13.321
3630	292.007	233.183
3631	97.607	31.678
3632	23.557	287.008
3633	65.435	115.891
3634	181.115	164.058
3635	44.322	271.517
3636	270.043	232.130
3637	29.115	69.427
3638	61.370	176.894
3639	216.465	108.731
3640	40.815	242.375
3641	20.902	55.895
3642	128.645	158.721
3643	129.066	169.707
3644	242.375	41.667
3645	138.844	171.337
3646	124.122	198.035
3647	80.322	268.880
3648	204.453	221.647
3649	165.523	295.761
3650	24.601	14.081
3651	163.665	272.405
3652	189.062	114.628
3653	248.894	150.536
3654	170.193	73.666
3655	217.389	249.397
3656	36.961	54.183
3657	120.624	143.403
3658	229.539	195.416
3659	111.753	210.541
3660	251.650	223.222
3661	151.973	0.806
3662	2.591	141.591
3663	73.620	34.269
3664	120.826	289.471
3665	47.142	287.869
3666	260.833	97.424
3667	148.512	180.483
3668	75.396	128.553
3669	274.163	215.751
3670	24.958	137.855
3671	0.266	191.653
3672	185.968	134.568
3673	233.210	136.665
3674	180.200	181.857
3675	248.125	81.539
3676	196.789	218.085
3677	62.468	26.231
3678	228.980	134.230
3679	241.350	111.350
3680	197.284	191.708
3681	81.558	253.426
3682	181.188	214.927
3683	71.303	153.429
3684	130.998	43.132
3685	272.295	137.974
3686	81.915	275.774
3687	221.134	142.396
3688	242.109	95.694
3689	97.104	295.312
3690	176.684	204.837
3691	52.791	113.831
3692	59.410	156.404
3693	154.903	68.969
3694	214.158	218.223
3695	231.709	130.457
3696	117.768	51.482
3697	274.401	250.533
3698	286.413	139.311
3699	88.855	95.822
3700	117.136	49.449
3701	45.000	287.027
3702	206.650	65.609
3703	120.396	55.419
3704	119.031	271.636
3705	285.150	175.860
3706	124.433	23.026
3707	24.766	85.421
3708	280.508	290.213
3709	48.167	147.249
3710	278.439	107.688
3711	77.309	68.813
3712	25.626	113.804
3713	265.694	234.126
3714	186.654	215.192
3715	142.351	259.093
3716	254.524	160.469
3717	228.413	29.563
3718	274.145	257.454
3719	222.837	231.388
3720	189.758	218.296
3721	104.529	131.712
3722	238.292	266.976
3723	147.432	121.192
3724	260.430	93.405
3725	195.590	176.189
3726	151.479	88.644
3727	195.123	250.523
3728	223.579	145.528
3729	229.823	56.041
3730	101.407	159.050
3731	257.363	41.548
3732	23.182	211.035
3733	192.999	129.148
3734	168.746	73.244
3735	237.605	117.814
3736	86.685	213.507
3737	296.841	113.126
3738	142.415	39.085
3739	188.513	92.892
3740	158.940	61.763
3741	84.817	267.782
3742	172.317	118.986
3743	186.480	146.535
3744	273.687	35.395
3745	275.546	64.995
3746	259.560	259.239
3747	243.803	88.388
3748	262.563	157.851
3749	143.632	46.208
3750	84.176	206.815
3751	258.232	109.134
3752	201.596	56.948
3753	38.023	267.269
3754	70.406	213.654
3755	0.137	219.147
3756	295.138	212.940
3757	37.904	130.879
3758	89.367	128.452
3759	37.098	174.725
3760	197.412	94.037
3761	146.013	206.568
3762	299.368	175.988
3763	295.999	191.690
3764	171.456	79.516
3765	219.532	38.032
3766	223.551	123.856
3767	162.621	46.611
3768	185.620	270.180
3769	238.411	38.124
3770	265.191	136.848
3771	118.830	165.468
3772	247.530	86.447
3773	11.270	271.233
3774	260.430	18.705
3775	117.081	199.792
3776	175.613	153.951
3777	118.738	23.200
3778	168.462	141.389
3779	92.636	190.371
3780	8.048	176.482
3781	194.308	258.809
3782	199.326	161.943
3783	213.068	118.418
3784	149.281	296.622
3785	242.705	266.619
3786	79.095	26.716
3787	265.438	244.224
3788	53.963	243.712
3789	195.718	191.433
3790	152.641	263.240
3791	280.902	133.341
3792	248.473	169.497
3793	105.609	154.234
3794	123.847	59.438
3795	296.777	270.263
3796	189.895	171.099
3797	75.954	159.572
3798	233.366	30.515
3799	156.203	259.587
3800	62.487	1.575
3801	229.969	190.500
3802	73.812	73.162
3803	245.222	214.670
3804	211.695	167.986
3805	116.404	190.994
3806	142.552	107.440
3807	167.373	233.842
3808	15.592	216.932
3809	252.895	235.884
3810	131.913	105.994
3811	155.855	64.043
3812	93.918	207.584
3813	106.827	288.263
3814	256.887	10.904
3815	123.069	152.010
3816	54.512	272.250
3817	13.669	144.420
3818	220.411	137.992
3819	247.795	182.937
3820	177.334	64.437
3821	132.884	166.256
3822	16.086	268.578
3823	99.731	206.650
3824	135.932	194.363
3825	41.227	101.205
3826	168.407	128.764
3827	201.679	151.296
3828	156.423	252.007
3829	163.646	189.657
3830	210.495	56.316
3831	29.069	124.497
3832	113.996	17.679
3833	241.643	59.886
3834	199.335	54.869
3835	247.172	2.014
3836	166.878	260.091
3837	239.079	210.468
3838	168.517	235.774
3839	185.583	103.970
3840	227.818	121.787
3841	85.623	80.175
3842	218.470	247.374
3843	150.444	258.443
3844	73.089	92.343
3845	57.533	205.460
3846	44.157	91.812
3847	174.001	252.693
3848	88.965	68.822
3849	296.063	65.307
3850	0.403	229.328
3851	1.703	171.813
3852	255.687	3.827
3853	63.274	13.724
3854	104.520	70.049
3855	16.865	24.912
3856	68.960	141.078
3857	35.469	99.612
3858	276.598	253.288
3859	102.698	158.812
3860	298.975	238.438
3861	133.973	274.200
3862	17.249	14.338
3863	41.987	59.127
3864	286.816	178.460
3865	93.524	185.949
3866	222.819	138.789
3867	254.176	39.048
3868	78.500	166.448
3869	68.163	63.045
3870	238.118	104.291
3871	169.955	115.452
3872	196.460	215.989
3873	74.535	283.245
3874	46.675	209.873
3875	243.400	272.588
3876	248.500	121.998
3877	72.814	231.306
3878	98.468	292.740
3879	101.590	13.221
3880	274.319	221.290
3881	84.982	43.947
3882	275.143	132.545
3883	31.678	197.375
3884	29.435	240.599
3885	50.768	142.268
3886	92.737	43.251
3887	105.536	268.432
3888	106.754	132.124
3889	20.966	51.619
3890	141.975	152.348
3891	241.844	166.832
3892	95.474	196.615
3893	88.287	109.079
3894	265.932	167.684
3895	5.686	31.248
3896	77.612	193.860
3897	55.757	58.330
3898	175.311	231.773
3899	245.735	87.280
3900	61.992	140.794
3901	42.528	232.148
3902	101.160	163.582
3903	268.734	123.563
3904	55.693	96.985
3905	227.268	222.224
3906	285.113	87.820
3907	151.717	55.492
3908	173.077	137.745
3909	29.014	136.692
3910	207.108	51.756
3911	91.583	76.385
3912	182.241	214.615
3913	25.553	244.993
3914	250.661	129.496
3915	92.196	96.152
3916	289.032	203.446
3917	9.220	210.276
3918	105.545	113.776
3919	288.986	267.452
3920	158.483	139.952
3921	80.331	9.366
3922	208.097	295.285
3923	111.084	199.380
3924	73.858	42.729
3925	277.981	140.208
3926	218.845	29.417
3927	180.923	158.647
3928	33.088	223.853
3929	248.454	216.684
3930	237.870	90.640
3931	51.326	58.229
3932	82.785	286.834
3933	151.039	151.140
3934	257.445	114.225
3935	180.154	133.561
3936	89.706	112.256
3937	101.416	24.271
3938	252.309	125.559
3939	42.381	6.189
3940	149.748	130.796
3941	252.538	142.534
3942	7.370	156.981
3943	179.733	34.947
3944	134.431	283.758
3945	12.891	83.059
3946	183.020	52.004
3947	87.747	154.665
3948	174.889	71.093
3949	2.499	26.121
3950	117.759	57.186
3951	40.449	102.249
3952	283.328	287.027
3953	146.178	175.008
3954	168.508	101.416
3955	252.428	130.485
3956	12.049	143.019
3957	204.407	63.475
3958	188.302	162.639
3959	78.408	109.079
3960	249.919	278.384
3961	41.713	150.645
3962	141.554	222.242
3963	250.459	13.431
3964	256.319	258.269
3965	232.560	3.442
3966	156.780	106.809
3967	52.470	0.732
3968	132.673	159.252
3969	4.614	266.546
3970	16.819	117.429
3971	232.395	73.702
3972	31.440	242.375
3973	19.703	19.712
3974	186.590	46.464
3975	251.759	231.700
3976	2.554	213.672
3977	92.114	22.825
3978	178.286	181.903
3979	72.823	209.433
3980	177.435	172.253
3981	244.490	148.238
3982	254.176	99.100
3983	183.184	3.113
3984	90.466	245.808
3985	1.117	0.687
3986	166.768	40.092
3987	157.851	284.170
3988	137.983	113.684
3989	118.921	24.784
3990	36.586	80.422
3991	258.919	0.330
3992	74.764	217.426
3993	155.681	99.869
3994	67.412	83.407
3995	72.604	164.397
3996	247.996	158.812
3997	275.967	122.465
3998	298.975	141.929
3999	183.926	30.351
End the user

Start the original macrocell
End the original macrocell
